name aper filter corrcount correrr rawcount rawerr mag magerr exp type
ASASNN13ch	5.88043	uvm2	0.391	0.062	0.327	0.052	17.87	0.17	341.91 nuvr
ASASNN13ch	5.88043	uvw1	0.898	0.151	0.754	0.127	17.56	0.18	118.86 nuvr
ASASNN13ch	5.88043	uvm2	0.390	0.029	0.315	0.023	17.87	0.08	1281.30 nuvr
ASASNN13ch	5.88043	uvw1	0.732	0.101	0.588	0.081	17.78	0.15	443.91 nuvr
ASASNN13dd	3	uvm2	0.034	0.007	0.033	0.007	20.51	0.23	1232.84 nuvr
ASASNN13dd	3	uvw1	0.154	0.048	0.150	0.047	19.47	0.34	157.25 nuvr
ASASNN13dd	3	uvw1	0.175	0.019	0.171	0.019	19.33	0.12	841.44 nuvr
ASASNN13dd	3	uvm2	0.047	0.011	0.046	0.011	20.16	0.26	762.10 nuvr
ASASNN13dd	3	uvw1	0.148	0.031	0.144	0.030	19.52	0.22	304.63 nuvr
ASASNN13dd	3	uvw1	0.181	0.014	0.176	0.014	19.30	0.08	1699.09 nuvr
ASASNN14ad	3	uvm2	0.050	0.020	0.039	0.016	20.11	0.44	319.26 nuvr
ASASNN14ad	3	uvw1	0.190	0.059	0.147	0.045	19.24	0.34	135.60 nuvr
ASASNN14ad	3	uvm2	0.070	0.010	0.054	0.008	19.74	0.16	1551.68 nuvr
ASASNN14ad	3	uvw1	0.132	0.025	0.102	0.019	19.64	0.20	610.48 nuvr
ASASNN14ad	3	uvm2	0.064	0.020	0.050	0.016	19.83	0.34	342.65 nuvr
ASASNN14ad	3	uvw1	0.162	0.053	0.125	0.041	19.41	0.36	135.59 nuvr
ASASNN14ad	3	uvm2	0.049	0.021	0.038	0.016	20.13	0.47	240.67 nuvr
ASASNN14ad	3	uvw1	0.168	0.042	0.130	0.032	19.38	0.27	226.89 nuvr
ASASNN14ad	3	uvm2	0.037	0.014	0.028	0.011	20.44	0.43	635.54 nuvr
ASASNN14ad	3	uvw1	0.158	0.044	0.122	0.034	19.44	0.30	234.46 nuvr
ASASNN14ad	3	uvm2	0.059	0.016	0.046	0.012	19.92	0.29	530.02 nuvr
ASASNN14ad	3	uvw1	0.206	0.047	0.159	0.037	19.16	0.25	206.47 nuvr
ASASNN14ad	3	uvm2	0.056	0.014	0.043	0.011	19.98	0.27	644.95 nuvr
ASASNN14ad	3	uvw1	0.148	0.040	0.115	0.031	19.51	0.30	259.35 nuvr
ASASNN14ar	4.1434	uvm2	0.053	0.030	0.042	0.024	20.04	0.62	325.67 nuvr
ASASNN14ar	4.1434	uvw1	0.300	0.093	0.233	0.073	18.75	0.34	112.95 nuvr
ASASNN14ar	4.1434	uvm2	0.028	0	0.0090	0.0207	20.75	0	362.57 nuvr
ASASNN14ar	4.1434	uvw1	0.515	0.082	0.397	0.063	18.16	0.17	133.62 nuvr
ASASNN14eu	4.17495	uvm2	0.012	0	-0.003	0.009	21.70	0	1243.34 nuvr
ASASNN14eu	4.17495	uvw1	0.089	0.042	0.072	0.034	20.06	0.51	473.44 nuvr
ASASNN14eu	4.17495	uvm2	0.014	0	-0.000	0.011	21.47	0	785.28 nuvr
ASASNN14eu	4.17495	uvw1	0.056	0	0.023	0.045	20.56	0	305.39 nuvr
ASASNN14fa	4.19885	uvm2	0.0077	0	0.0053	0.0062	22.13	0	1198.92 nuvb
ASASNN14fa	4.19885	uvw1	0.030	0	-0.050	0.021	21.25	0	450.86 nuvb
ASASNN14fa	4.19885	uvm2	0.013	0	-0.015	0.009	21.59	0	814.30 nuvb
ASASNN14fa	4.19885	uvw1	0.034	0	-0.011	0.025	21.10	0	318.40 nuvb
ASASNN14lw	5.88043	uvm2	0.0092	0	0.0025	0.0087	21.94	0	1959.58 broad
ASASNN15aj	8.56169	uvm2	0.580	0.069	0.456	0.055	17.44	0.13	342.67 nuvr
ASASNN15aj	8.56169	uvw1	2.717	0.245	2.117	0.191	16.35	0.10	129.68 nuvr
ASASNN15aj	8.56169	uvm2	0.571	0.084	0.449	0.066	17.46	0.16	259.14 nuvr
ASASNN15aj	8.56169	uvw1	2.782	0.298	2.162	0.232	16.33	0.12	95.33 nuvr
ASASNN15aj	8.56169	uvm2	0.581	0.041	0.457	0.032	17.44	0.08	999.65 nuvr
ASASNN15aj	8.56169	uvw1	2.776	0.148	2.161	0.115	16.33	0.06	366.64 nuvr
ASASNN15aj	8.56169	uvw1	0.000	0	0.000	0	0	0	266.49 nuvr
ASASNN15cq	3.49427	uvm2	0.000	0	0.000	0	0	0	270.64 nuvb
ASASNN15cq	3.49427	uvw1	0.000	0	0.000	0	0	0	98.17 nuvb
ASASNN15cq	3.49427	uvm2	0.000	0	0.000	0	0	0	875.12 nuvb
ASASNN15cq	3.49427	uvw1	0.000	0	0.000	0	0	0	331.21 nuvb
ASASNN15cq	3.49427	uvm2	0.000	0	0.000	0	0	0	628.08 nuvb
ASASNN15cq	3.49427	uvw1	0.000	0	0.000	0	0	0	313.26 nuvb
ASASNN15cq	3.49427	uvm2	0.000	0	0.000	0	0	0	831.94 nuvb
ASASNN15cq	3.49427	uvw1	0.000	0	0.000	0	0	0	312.28 nuvb
ASASNN15cq	3.49427	uvm2	0.000	0	0.000	0	0	0	790.72 nuvb
ASASNN15cq	3.49427	uvw1	0.000	0	0.000	0	0	0	328.25 nuvb
ASASNN15cq	3.49427	uvm2	0.000	0	0.000	0	0	0	784.13 nuvb
ASASNN15cq	3.49427	uvw1	0.000	0	0.000	0	0	0	304.72 nuvb
ASASNN15od	5.23987	uvm2	1.037	0.057	0.784	0.043	16.81	0.06	479.92 nuvb
ASASNN15od	5.23987	uvw1	2.013	0.125	1.500	0.093	16.68	0.07	235.76 nuvb
ASASNN15od	5.23987	uvm2	1.002	0.056	0.757	0.042	16.85	0.06	479.75 nuvb
ASASNN15od	5.23987	uvw1	1.957	0.103	1.457	0.076	16.71	0.06	353.64 nuvb
ASASNN15qc	5.35633	uvm2	0.102	0.022	0.079	0.017	19.33	0.23	635.82 nuvr
ASASNN15qc	5.35633	uvw1	0.097	0	0.072	0.074	19.97	0	187.26 nuvr
ASASNN15qc	5.35633	uvm2	0.037	0.019	0.029	0.015	20.42	0.56	884.47 nuvr
ASASNN15qc	5.35633	uvw1	0.190	0.080	0.145	0.061	19.24	0.45	308.58 nuvr
ASASNN15qc	5.35633	uvm2	0.092	0.023	0.071	0.018	19.44	0.28	591.61 nuvr
ASASNN15qc	5.35633	uvw1	0.173	0.084	0.132	0.064	19.35	0.53	269.20 nuvr
ASASNN15rw	4.72743	uvm2	0.206	0.044	0.159	0.034	18.56	0.23	239.31 broad
ASASNN15rw	4.72743	uvw1	0.504	0.151	0.384	0.115	18.18	0.32	87.35 broad
ASASNN15rw	4.72743	uvm2	0.177	0.059	0.136	0.046	18.73	0.36	118.00 broad
ASASNN15rw	4.72743	uvw1	0.370	0.115	0.282	0.087	18.52	0.34	106.06 broad
ASASNN15rw	4.72743	uvm2	0.152	0.022	0.117	0.017	18.90	0.16	749.25 broad
ASASNN15rw	4.72743	uvw1	0.341	0.081	0.259	0.062	18.61	0.26	274.81 broad
ASASNN15sf	3.53181	uvw1	0.057	0	0.014	0.042	20.56	0	204.48 nuvb
ASASNN15sf	3.53181	uvw1	0.057	0	-0.037	0.039	20.55	0	216.28 nuvb
ASASNN15sf	3.53181	uvw1	0.104	0.048	0.080	0.037	19.90	0.50	346.21 nuvb
ASASNN15sf	3.53181	uvw1	0.045	0	-0.020	0.032	20.81	0	387.55 nuvb
ASASNN15sf	3.53181	uvw1	0.068	0.052	0.051	0.039	20.36	0.83	268.46 nuvb
ASASNN15sf	3.53181	uvw1	0.042	0	0.014	0.031	20.89	0	413.14 nuvb
ASASNN15ti	5.88043	uvm2	0.029	0	0.017	0.022	20.68	0	445.24 nuvr
ASASNN15ti	5.88043	uvw1	0.079	0	-0.013	0.058	20.19	0	177.67 nuvr
ASASNN15ti	5.88043	uvm2	0.031	0	-0.015	0.022	20.61	0	411.94 nuvr
ASASNN15ti	5.88043	uvw1	0.088	0	0.022	0.066	20.07	0	180.62 nuvr
ASASNN15ti	5.88043	uvm2	0.049	0	-0.044	0.033	20.11	0	216.17 nuvr
ASASNN15ti	5.88043	uvw1	0.109	0	0.021	0.079	19.85	0	87.35 nuvr
ASASNN15ti	5.88043	uvm2	0.027	0.025	0.021	0.019	20.77	0.99	561.55 nuvr
ASASNN15ti	5.88043	uvw1	0.074	0	-0.011	0.054	20.27	0	195.37 nuvr
ASASNN15ti	5.88043	uvm2	0.018	0	0.0018	0.0138	21.19	0	931.61 nuvr
ASASNN15ti	5.88043	uvw1	0.065	0	0.011	0.049	20.42	0	333.91 nuvr
ASASNN15tj	4.25827	uvm2	0.024	0.013	0.017	0.009	20.89	0.59	1049.97 nuvr
ASASNN15tj	4.25827	uvw1	0.111	0.044	0.078	0.031	19.83	0.43	363.93 nuvr
ASASNN16hh	3	uvm2	0.038	0	-0.022	0.019	20.40	0	110.55 nuvr
ASASNN16hh	3	uvw1	0.080	0.068	0.060	0.051	20.19	0.93	91.30 nuvr
ASASNN16hh	3	uvm2	0.012	0.010	0.0094	0.0075	21.61	0.86	751.36 nuvr
ASASNN16hh	3	uvw1	0.037	0.020	0.027	0.015	21.03	0.58	476.43 nuvr
ASASNN16hp	3	uvm2	0.000	0	0.000	0	0	0	447.30 nuvr
ASASNN16hp	3	uvw1	0.000	0	0.000	0	0	0	4720.06 nuvr
ASASNN16hr	3	uvm2	0.163	0.025	0.125	0.019	18.82	0.17	576.64 nuvr
ASASNN16hr	3	uvw1	0.410	0.052	0.310	0.039	18.41	0.14	351.43 nuvr
ASASNN16hr	3	uvm2	0.129	0.038	0.098	0.029	19.08	0.32	257.16 nuvr
ASASNN16hr	3	uvw1	0.415	0.080	0.314	0.060	18.39	0.21	157.03 nuvr
ASASNN16ip	3	uvm2	0.074	0.025	0.056	0.019	19.68	0.37	219.45 nuvb
ASASNN16ip	3	uvw1	0.382	0.047	0.288	0.035	18.48	0.13	320.39 nuvb
ASASNN16ip	3	uvm2	0.031	0.016	0.023	0.012	20.63	0.56	390.45 nuvb
ASASNN16ip	3	uvw1	0.417	0.051	0.314	0.038	18.39	0.13	284.99 nuvb
ASASNN16jc	3	uvm2	0.019	0	-0.009	0.008	21.15	0	166.23 nuvb
ASASNN16jc	3	uvw1	0.057	0.038	0.042	0.028	20.55	0.72	102.24 nuvb
ASASNN16jc	3	uvm2	0.013	0	-0.005	0.007	21.57	0	285.69 nuvb
ASASNN16jc	3	uvw1	0.025	0.024	0.019	0.018	21.44	1.01	182.61 nuvb
ASASNN16jc	3	uvm2	0.0088	0	-0.004	0.005	21.98	0	505.05 nuvb
ASASNN16jc	3	uvw1	0.029	0.021	0.022	0.016	21.28	0.79	295.58 nuvb
LSQ13crf	1.65369	uvm2	0.0010	0	0.000	0.001	24.35	0	1232.39 nuvr
LSQ13crf	1.65369	uvw1	0.0078	0	0.000	0.006	22.71	0	157.25 nuvr
LSQ13crf	1.65369	uvm2	0.0018	0	0.000	0.001	23.72	0	686.53 nuvr
LSQ13crf	1.65369	uvw1	0.0037	0	0.000	0.003	23.51	0	330.33 nuvr
LSQ13crf	1.65369	uvm2	0.0021	0	0.000	0.002	23.57	0	598.68 nuvr
LSQ13crf	1.65369	uvw1	0.0031	0	0.000	0.003	23.70	0	392.57 nuvr
LSQ13crf	1.65369	uvm2	0.0010	0	0.000	0.001	24.31	0	1190.89 nuvr
LSQ13crf	1.65369	uvw1	0.0027	0	0.000	0.002	23.87	0	456.95 nuvr
LSQ13crf	1.65369	uvm2	0.0011	0	0.000	0.001	24.28	0	1152.65 nuvr
LSQ13crf	1.65369	uvw1	0.0027	0	0.000	0.002	23.86	0	454.24 nuvr
LSQ13crf	1.65369	uvm2	0.00075	0	0.000	0.001	24.66	0	1641.67 nuvr
LSQ13crf	1.65369	uvw1	0.0019	0	0.000	0.002	24.24	0	648.12 nuvr
LSQ13crf	1.65369	uvm2	0.00072	0	0.000	0.001	24.70	0	1711.27 nuvr
LSQ13crf	1.65369	uvw1	0.0019	0	0.000	0.002	24.22	0	635.85 nuvr
LSQ13crf	1.65369	uvw1	0.156	0.012	0.132	0.010	19.46	0.08	1810.05 nuvr
LSQ13crf	1.65369	uvm2	0.0018	0	0.000	0.001	23.71	0	733.18 nuvr
LSQ13crf	1.65369	uvw1	0.0024	0	0.000	0.002	24.00	0	558.12 nuvr
LSQ13crf	1.65369	uvm2	0.0055	0	0.000	0.004	22.49	0	238.43 nuvr
LSQ13crf	1.65369	uvw1	0.012	0	0.000	0.009	22.25	0	111.97 nuvr
PS14xw		4.72743	uvm2	0.040	0.009	0.037	0.008	20.36	0.24	1470.27 broad
PS14xw		4.72743	uvw1	0.162	0.037	0.154	0.036	19.42	0.25	314.50 broad
PS14xw		4.72743	uvm2	0.040	0.012	0.038	0.012	20.33	0.33	840.91 broad
PS14xw		4.72743	uvw1	0.069	0.032	0.065	0.031	20.35	0.51	426.69 broad
PS14xw		4.72743	uvm2	0.045	0.010	0.042	0.009	20.22	0.24	1385.97 broad
PS14xw		4.72743	uvw1	0.112	0.028	0.107	0.027	19.81	0.27	513.06 broad
PS14xw		4.72743	uvm2	0.038	0.011	0.036	0.010	20.40	0.30	1285.27 broad
PS14xw		4.72743	uvw1	0.124	0.031	0.119	0.029	19.70	0.27	532.75 broad
PS14xw		4.72743	uvm2	0.024	0.010	0.022	0.010	20.92	0.48	1189.40 broad
PS14xw		4.72743	uvw1	0.101	0.031	0.096	0.029	19.93	0.33	514.04 broad
PS14xw		4.72743	uvm2	0.025	0.010	0.024	0.009	20.85	0.44	1358.17 broad
PS14xw		4.72743	uvw1	0.096	0.030	0.092	0.029	19.98	0.34	542.58 broad
PS14xw		4.72743	uvm2	0.045	0.010	0.043	0.009	20.21	0.23	1323.11 broad
PS14xw		4.72743	uvw1	0.109	0.037	0.104	0.035	19.85	0.37	510.35 broad
PS14xw		4.72743	uvm2	0.036	0.009	0.034	0.009	20.45	0.28	1557.36 broad
PS14xw		4.72743	uvw1	0.059	0.031	0.056	0.029	20.52	0.57	616.41 broad
PS14xw		4.72743	uvm2	0.040	0.011	0.037	0.010	20.35	0.29	1216.97 broad
PS14xw		4.72743	uvw1	0.110	0.037	0.105	0.035	19.84	0.36	448.13 broad
PS14xw		4.72743	uvm2	0.032	0.012	0.030	0.012	20.59	0.42	791.96 broad
PS14xw		4.72743	uvw1	0.142	0.038	0.135	0.036	19.56	0.29	312.30 broad
PS14xw		4.72743	uvm2	0.056	0.012	0.053	0.011	19.98	0.23	1053.87 broad
PS14xw		4.72743	uvw1	0.081	0.034	0.077	0.032	20.17	0.45	426.69 broad
PS14xw		4.72743	uvm2	0.041	0.011	0.039	0.010	20.31	0.28	1252.39 broad
PS14xw		4.72743	uvw1	0.113	0.029	0.107	0.028	19.81	0.28	494.36 broad
PS14xw		4.72743	uvm2	0.032	0.012	0.030	0.012	20.58	0.42	1053.08 broad
PS14xw		4.72743	uvw1	0.122	0.036	0.116	0.034	19.72	0.32	443.93 broad
PS14xw		4.72743	uvm2	0.050	0.012	0.047	0.011	20.09	0.25	1092.05 broad
PS14xw		4.72743	uvw1	0.176	0.037	0.167	0.035	19.33	0.23	435.54 broad
PS14xw		4.72743	uvm2	0.037	0.011	0.035	0.011	20.43	0.33	1282.33 broad
PS14xw		4.72743	uvw1	0.094	0.036	0.089	0.034	20.01	0.42	493.91 broad
PS14xw		4.72743	uvw1	0.102	0.017	0.084	0.014	19.91	0.18	1925.88 broad
PS15cku		4.12589	uvm2	0.632	0.031	0.486	0.023	17.35	0.05	994.46 nuvr
PS15cku		4.12589	uvw1	1.042	0.079	0.792	0.060	17.40	0.08	371.32 nuvr
PS15cku		4.12589	uvm2	0.602	0.036	0.462	0.027	17.40	0.06	745.28 nuvr
PS15cku		4.12589	uvw1	1.131	0.097	0.856	0.073	17.31	0.09	262.32 nuvr
PS15cku		4.12589	uvm2	0.602	0.048	0.462	0.037	17.40	0.09	426.89 nuvr
PS15cku		4.12589	uvw1	1.158	0.129	0.877	0.097	17.28	0.12	153.30 nuvr
sn2005am	11.6458	uvm2	0.791	0.035	0.783	0.035	17.10	0.05	1161.24 NN
sn2005am	11.6458	uvw1	3.417	0.092	3.390	0.091	16.11	0.03	773.41 NN
sn2005cf	14.3069	uvm2	0.114	0.032	0.112	0.031	19.21	0.30	1244.92 nuvr
sn2005cf	14.3069	uvw1	0.816	0.077	0.811	0.076	17.66	0.10	827.54 nuvr
sn2005mz	5.23987	uvm2	0.000	0	0.000	0	0	0	978.41 faint
sn2005mz	5.23987	uvm2	0.000	0	0.000	0	0	0	564.32 faint
sn2005mz	5.23987	uvm2	0.000	0	0.000	0	0	0	239.53 faint
sn2005mz	5.23987	uvw1	0.000	0	0.000	0	0	0	169.04 faint
sn2005mz	5.23987	uvm2	0.000	0	0.000	0	0	0	395.98 faint
sn2005mz	5.23987	uvw1	0.000	0	0.000	0	0	0	223.95 faint
sn2005mz	5.23987	uvm2	0.000	0	0.000	0	0	0	279.18 faint
sn2005mz	5.23987	uvw1	0.000	0	0.000	0	0	0	187.76 faint
sn2005mz	5.23987	uvm2	0.000	0	0.000	0	0	0	358.07 faint
sn2005mz	5.23987	uvw1	0.000	0	0.000	0	0	0	222.96 faint
sn2005mz	5.23987	uvm2	0.000	0	0.000	0	0	0	261.74 faint
sn2005mz	5.23987	uvw1	0.000	0	0.000	0	0	0	136.57 faint
sn2005mz	5.23987	uvm2	0.000	0	0.000	0	0	0	1614.10 faint
sn2005mz	5.23987	uvw1	0.000	0	0.000	0	0	0	1591.59 faint
sn2005mz	5.23987	uvm2	0.000	0	0.000	0	0	0	1982.64 faint
sn2005mz	5.23987	uvw1	0.000	0	0.000	0	0	0	1933.10 faint
sn2005mz	5.23987	uvm2	0.000	0	0.000	0	0	0	1907.94 faint
sn2005mz	5.23987	uvm2	0.000	0	0.000	0	0	0	212.64 faint
sn2005mz	5.23987	uvw1	0.000	0	0.000	0	0	0	117.86 faint
sn2005mz	5.23987	uvm2	0.000	0	0.000	0	0	0	800.92 faint
sn2005mz	5.23987	uvw1	0.000	0	0.000	0	0	0	117.88 faint
sn2005mz	5.23987	uvm2	0.000	0	0.000	0	0	0	624.92 faint
sn2005mz	5.23987	uvw1	0.000	0	0.000	0	0	0	825.14 faint
sn2005mz	5.23987	uvm2	0.000	0	0.000	0	0	0	414.80 faint
sn2005mz	5.23987	uvw1	0.000	0	0.000	0	0	0	269.45 faint
sn2005mz	5.23987	uvw1	0.000	0	0.000	0	0	0	597.15 faint
sn2006dd	15.7501	uvm2	4.906	0.054	4.228	0.047	15.12	0.01	2257.91 nuvb
sn2006dd	15.7501	uvm2	5.010	0.063	4.313	0.054	15.10	0.01	1882.45 nuvb
sn2006dd	15.7501	uvm2	4.797	0.062	4.127	0.053	15.15	0.01	1940.72 nuvb
sn2006dd	15.7501	uvm2	5.061	0.060	4.352	0.052	15.09	0.01	2037.83 nuvb
sn2006dd	15.7501	uvm2	5.510	0.136	4.406	0.109	15.00	0.03	441.53 nuvb
sn2006dd	15.7501	uvw1	32.361	0.283	25.587	0.222	13.66	0.01	457.71 nuvb
sn2006dd	15.7501	uvm2	5.244	0.142	4.192	0.113	15.05	0.03	380.45 nuvb
sn2006dd	15.7501	uvw1	33.034	0.300	26.131	0.236	13.64	0.01	392.23 nuvb
sn2006dd	15.7501	uvw1	30.393	0.179	24.579	0.143	13.73	0.01	990.18 nuvb
sn2006dd	15.7501	uvw1	0.000	0	0.000	0	0	0	514.54 nuvb
sn2006mr	15.7501	uvm2	5.676	0.058	4.884	0.050	14.96	0.01	2257.91 faint
sn2006mr	15.7501	uvm2	5.804	0.066	4.989	0.057	14.94	0.01	1882.45 faint
sn2006mr	15.7501	uvm2	5.588	0.066	4.801	0.057	14.98	0.01	1940.72 faint
sn2006mr	15.7501	uvm2	5.720	0.063	4.911	0.054	14.96	0.01	2037.83 faint
sn2006mr	15.7501	uvw1	34.182	0.185	27.505	0.147	13.61	0.01	990.18 faint
sn2006mr	15.7501	uvw1	33.890	0.318	0.000	0	13.61	0.01	389.51 faint
sn2006mr	15.7501	uvw1	0.000	0	0.000	0	0	0	514.54 faint
sn2006mr	15.7501	uvw1	0.000	0	0.000	0	0	0	364.73 faint
sn2006mr	15.7501	uvw1	0.000	0	0.000	0	0	0	376.73 faint
sn2007af	16.8873	uvm2	0.000	0	0.000	0	0	0	412.00 nuvr
sn2007af	16.8873	uvw1	0.000	0	0.000	0	0	0	173.74 nuvr
sn2007af	16.8873	uvm2	0.000	0	0.000	0	0	0	241.68 nuvr
sn2007af	16.8873	uvw1	0.000	0	0.000	0	0	0	96.23 nuvr
sn2007ax	13.4841	uvw1	4.889	0.045	4.799	0.044	15.72	0.01	3654.33 faint
sn2007ax	13.4841	uvm2	0.000	0	0.000	0	0	0	1615.37 faint
sn2007ax	13.4841	uvw1	0.000	0	0.000	0	0	0	936.15 faint
sn2007cv	12.2527	uvm2	0.100	0.082	0.098	0.081	19.35	0.89	114.62 nuvr
sn2007cv	12.2527	uvw1	1.045	0.111	1.030	0.110	17.39	0.12	405.27 nuvr
sn2007cv	12.2527	uvm2	0.110	0.033	0.090	0.027	19.24	0.32	1232.21 nuvr
sn2007cv	12.2527	uvw1	0.191	0	-0.062	0.151	19.24	0	157.25 nuvr
sn2007cv	12.2527	uvm2	0.037	0	0.019	0.030	20.42	0	809.79 nuvr
sn2007cv	12.2527	uvw1	0.636	0.126	0.518	0.103	17.93	0.22	317.37 nuvr
sn2007cv	12.2527	uvm2	0.133	0.023	0.132	0.022	19.04	0.19	1710.53 nuvr
sn2007cv	12.2527	uvw1	0.683	0.060	0.679	0.060	17.85	0.10	1140.83 nuvr
sn2007cv	12.2527	uvm2	0.066	0.015	0.066	0.015	19.80	0.25	3004.97 nuvr
sn2007cv	12.2527	uvw1	0.443	0.033	0.441	0.033	18.32	0.08	2004.11 nuvr
sn2007gi	19.3333	uvm2	0.000	0	0.000	0	0	0	285.23 nuvr
sn2007gi	19.3333	uvw1	0.000	0	0.000	0	0	0	338.11 nuvr
sn2007gi	19.3333	uvm2	0.000	0	0.000	0	0	0	377.36 nuvr
sn2007gi	19.3333	uvw1	0.000	0	0.000	0	0	0	270.20 nuvr
sn2007gi	19.3333	uvw1	0.000	0	0.000	0	0	0	286.24 nuvr
sn2007gi	19.3333	uvm2	0.000	0	0.000	0	0	0	147.00 nuvr
sn2007gi	19.3333	uvw1	0.000	0	0.000	0	0	0	131.65 nuvr
sn2007gi	19.3333	uvm2	0.000	0	0.000	0	0	0	162.61 nuvr
sn2007gi	19.3333	uvw1	0.000	0	0.000	0	0	0	118.86 nuvr
sn2007gi	19.3333	uvm2	0.000	0	0.000	0	0	0	452.34 nuvr
sn2007gi	19.3333	uvw1	0.000	0	0.000	0	0	0	166.10 nuvr
sn2007on	14.3069	uvm2	0.189	0.024	0.173	0.022	18.66	0.14	1513.85 NN
sn2007on	14.3069	uvw1	1.180	0.084	1.095	0.078	17.26	0.08	412.76 NN
sn2007on	14.3069	uvm2	0.179	0.025	0.164	0.023	18.72	0.15	1443.95 NN
sn2007on	14.3069	uvw1	1.068	0.091	0.991	0.085	17.37	0.09	359.93 NN
sn2007on	14.3069	uvm2	0.163	0.024	0.150	0.022	18.82	0.16	1430.62 NN
sn2007on	14.3069	uvw1	0.937	0.093	0.869	0.087	17.51	0.11	335.39 NN
sn2007on	14.3069	uvm2	0.208	0.025	0.191	0.023	18.56	0.13	1393.22 NN
sn2007on	14.3069	uvw1	0.802	0.100	0.744	0.092	17.68	0.13	282.11 NN
sn2007on	14.3069	uvm2	0.158	0.025	0.145	0.023	18.86	0.17	1368.37 NN
sn2007on	14.3069	uvw1	0.997	0.096	0.924	0.089	17.44	0.10	311.53 NN
sn2007on	14.3069	uvm2	0.198	0.024	0.181	0.022	18.61	0.13	1397.16 NN
sn2007on	14.3069	uvw1	1.068	0.096	0.990	0.089	17.37	0.10	336.89 NN
sn2007on	14.3069	uvm2	0.196	0.023	0.180	0.021	18.62	0.13	1532.01 NN
sn2007on	14.3069	uvw1	1.268	0.100	1.176	0.092	17.18	0.09	299.20 NN
sn2007on	14.3069	uvm2	0.183	0.025	0.168	0.022	18.69	0.15	1413.66 NN
sn2007on	14.3069	uvw1	0.912	0.119	0.845	0.110	17.54	0.14	213.55 NN
sn2007on	14.3069	uvm2	0.135	0.026	0.123	0.024	19.03	0.21	1431.94 NN
sn2007on	14.3069	uvw1	0.795	0.111	0.737	0.103	17.69	0.15	229.76 NN
sn2007on	14.3069	uvm2	0.187	0.025	0.171	0.023	18.67	0.14	1530.04 NN
sn2007on	14.3069	uvw1	0.987	0.089	0.914	0.083	17.45	0.10	351.52 NN
sn2007on	14.3069	uvw1	0.000	0	0.000	0	0	0	712.12 NN
sn2007sr	16.8873	uvm2	0.573	0.019	0.460	0.015	17.45	0.04	1920.19 nuvr
sn2007sr	16.8873	uvm2	0.205	0.061	0.164	0.049	18.57	0.32	459.96 nuvr
sn2007sr	16.8873	uvm2	0.051	0.021	0.041	0.017	20.08	0.45	1528.93 nuvr
sn2007sr	16.8873	uvm2	0.137	0.011	0.110	0.009	19.01	0.09	1351.54 nuvr
sn2007sr	16.8873	uvm2	0.054	0	-0.502	0.031	20.02	0	580.66 nuvr
sn2007sr	16.8873	uvm2	0.268	0.028	0.214	0.022	18.28	0.11	1714.16 nuvr
sn2007sr	16.8873	uvm2	0.353	0.026	0.282	0.021	17.98	0.08	1661.44 nuvr
sn2007sr	16.8873	uvm2	0.044	0.033	0.035	0.026	20.24	0.81	1708.25 nuvr
sn2007sr	16.8873	uvm2	0.175	0.029	0.139	0.023	18.74	0.18	1933.76 nuvr
sn2007sr	16.8873	uvm2	0.188	0.032	0.150	0.026	18.66	0.19	1615.17 nuvr
sn2007sr	16.8873	uvm2	0.709	0.015	0.705	0.015	17.22	0.02	3137.62 nuvr
sn2007sr	16.8873	uvw1	2.221	0.032	2.216	0.032	16.57	0.02	2101.34 nuvr
sn2007sr	16.8873	uvm2	0.046	0	-0.206	0.037	20.19	0	777.61 nuvr
sn2007sr	16.8873	uvw1	0.152	0	-0.516	0.126	19.48	0	297.75 nuvr
sn2007sr	16.8873	uvm2	0.043	0	-0.297	0.032	20.26	0	825.54 nuvr
sn2007sr	16.8873	uvw1	0.164	0	-1.339	0.128	19.40	0	315.45 nuvr
sn2007sr	16.8873	uvm2	0.550	0.032	0.484	0.028	17.50	0.06	1015.81 nuvr
sn2007sr	16.8873	uvw1	2.419	0.095	2.151	0.084	16.48	0.04	416.85 nuvr
sn2007sr	16.8873	uvm2	0.201	0.059	0.177	0.052	18.59	0.32	503.49 nuvr
sn2007sr	16.8873	uvw1	0.602	0.171	0.535	0.151	17.99	0.31	256.65 nuvr
sn2007sr	16.8873	uvm2	0.050	0.044	0.044	0.039	20.10	0.96	816.80 nuvr
sn2007sr	16.8873	uvw1	0.781	0.156	0.694	0.139	17.71	0.22	324.32 nuvr
sn2007sr	16.8873	uvm2	0.045	0	-0.524	0.029	20.22	0	782.79 nuvr
sn2007sr	16.8873	uvw1	0.150	0	-2.365	0.097	19.50	0	299.81 nuvr
sn2007sr	16.8873	uvm2	0.132	0.042	0.122	0.039	19.05	0.34	890.04 nuvr
sn2007sr	16.8873	uvw1	1.241	0.125	1.156	0.116	17.21	0.11	621.18 nuvr
sn2007sr	16.8873	uvw1	0.116	0	-1.409	0.055	19.78	0	466.29 nuvr
sn2007sr	16.8873	uvw1	0.000	0	0.000	0	0	0	520.21 nuvr
sn2008ec	5.80926	uvw1	1.421	0.052	1.146	0.042	17.06	0.04	931.00 nuvr
sn2008ec	5.80926	uvm2	2.729	0.044	2.194	0.035	15.76	0.02	1867.56 nuvr
sn2008hs	5.41657	uvm2	0.0088	0	0.0074	0.0083	21.98	0	2148.85 NN
sn2008hs	5.41657	uvw1	0.034	0	0.014	0.032	21.11	0	833.67 NN
sn2008hs	5.41657	uvm2	0.031	0.016	0.029	0.015	20.62	0.57	762.78 NN
sn2008hs	5.41657	uvw1	0.0037	0	0.000	0.004	23.53	0	398.37 NN
sn2008hs	5.41657	uvw1	0.0039	0	0.000	0.004	23.47	0	377.72 NN
sn2008hs	5.41657	uvw1	0.000	0	0.000	0	0	0	451.54 NN
sn2008hs	5.41657	uvw1	0.000	0	0.000	0	0	0	346.23 NN
sn2008hv	7.4947	uvm2	0.017	0	0.0039	0.0144	21.29	0	1477.68 nuvb
sn2008hv	7.4947	uvw1	0.399	0.087	0.351	0.077	18.44	0.24	314.47 nuvb
sn2008hv	7.4947	uvm2	0.015	0	0.013	0.013	21.43	0	1562.71 nuvb
sn2008hv	7.4947	uvw1	0.293	0.091	0.258	0.080	18.77	0.34	235.86 nuvb
sn2008hv	7.4947	uvm2	0.038	0.013	0.033	0.011	20.39	0.37	1913.57 nuvb
sn2008hv	7.4947	uvw1	0.274	0.082	0.241	0.072	18.85	0.32	235.76 nuvb
sn2008hv	7.4947	uvm2	0.016	0.015	0.014	0.013	21.36	1.07	1569.05 nuvb
sn2008hv	7.4947	uvw1	0.161	0.082	0.142	0.072	19.42	0.55	235.76 nuvb
sn2008hv	7.4947	uvm2	0.000	0	0.000	0	0	0	486.45 nuvb
sn2008hv	7.4947	uvw1	0.000	0	0.000	0	0	0	2424.03 nuvb
sn2008Q		11.7918	uvm2	0.214	0.031	0.205	0.030	18.53	0.16	971.14 nuvb
sn2008Q		11.7918	uvw1	1.883	0.090	1.822	0.087	16.75	0.05	782.53 nuvb
sn2008Q		11.7918	uvm2	0.208	0.039	0.200	0.038	18.55	0.21	459.26 nuvb
sn2008Q		11.7918	uvw1	1.707	0.133	1.653	0.129	16.86	0.08	326.06 nuvb
sn2008Q		11.7918	uvw1	0.494	0.208	0.337	0.142	18.20	0.46	270.44 nuvb
sn2008Q		11.7918	uvw1	0.000	0	0.000	0	0	0	229.09 nuvb
sn2008Q		11.7918	uvw1	0.000	0	0.000	0	0	0	366.90 nuvb
sn2009an	10.1418	uvm2	0.056	0.023	0.051	0.021	19.98	0.45	925.02 nuvr
sn2009an	10.1418	uvw1	0.273	0.078	0.250	0.071	18.85	0.31	329.25 nuvr
sn2009an	10.1418	uvm2	0.028	0	-0.011	0.024	20.73	0	632.00 nuvr
sn2009an	10.1418	uvw1	0.322	0.084	0.295	0.077	18.67	0.28	220.00 nuvr
sn2009cz	4.487	uvw1	0.153	0.017	0.144	0.016	19.48	0.12	1597.98 broad
sn2009gf	5.10137	uvw1	0.067	0.040	0.066	0.039	20.37	0.64	220.24 NN
sn2009gf	5.10137	uvm2	0.016	0.011	0.016	0.011	21.32	0.75	1126.06 NN
sn2009gf	5.10137	uvw1	0.039	0.023	0.038	0.022	20.95	0.63	892.06 NN
sn2009ig	10.5976	uvm2	0.000	0	0.000	0	0	0	482.24 broad
sn2009ig	10.5976	uvm2	0.000	0	0.000	0	0	0	3455.65 broad 
sn2009ig	10.5976	uvm2	0.000	0	0.000	0	0	0	1532.69 broad
sn2009ig	10.5976	uvm2	0.000	0	0.000	0	0	0	576.01 broad
sn2009ig	10.5976	uvm2	0.000	0	0.000	0	0	0	213.25 broad
sn2009ig	10.5976	uvm2	0.000	0	0.000	0	0	0	401.89 broad
sn2009ig	10.5976	uvm2	0.000	0	0.000	0	0	0	1879.09 broad
sn2009ig	10.5976	uvm2	0.177	0.036	0.145	0.030	18.73	0.22	478.66 broad
sn2010cr	8.38581	uvm2	0.079	0.039	0.067	0.033	19.61	0.54	290.12 NN
sn2010cr	8.38581	uvw1	0.127	0.090	0.108	0.077	19.68	0.78	275.31 NN
sn2010cr	8.38581	uvm2	0.050	0	-0.017	0.036	20.10	0	231.08 NN
sn2010cr	8.38581	uvw1	0.093	0	-0.047	0.070	20.02	0	277.14 NN
sn2010cr	8.38581	uvm2	0.115	0.050	0.087	0.038	19.20	0.47	260.60 NN
sn2010cr	8.38581	uvw1	0.296	0.099	0.220	0.074	18.76	0.36	283.37 NN
sn2010cr	8.38581	uvm2	0.063	0.042	0.053	0.035	19.85	0.72	223.56 NN
sn2010cr	8.38581	uvw1	0.319	0.092	0.269	0.077	18.68	0.31	260.34 NN
sn2010cr	8.38581	uvm2	0.046	0.023	0.039	0.020	20.20	0.55	1197.66 NN
sn2010cr	8.38581	uvw1	0.255	0.068	0.216	0.058	18.92	0.29	434.34 NN
sn2010cr	8.38581	uvm2	0.042	0	0.026	0.035	20.28	0	284.96 NN
sn2010cr	8.38581	uvw1	0.400	0.125	0.337	0.105	18.44	0.34	105.08 NN
sn2010cr	8.38581	uvm2	0.095	0.050	0.080	0.042	19.41	0.57	243.27 NN
sn2010cr	8.38581	uvw1	0.164	0	-0.094	0.129	19.40	0	93.26 NN
sn2010hh	4.97016	uvm2	0.049	0.022	0.044	0.019	20.12	0.48	352.58 faint
sn2010hh	4.97016	uvw1	0.041	0	0.0090	0.0341	20.91	0	162.15 faint
sn2010hh	4.97016	uvm2	0.040	0.017	0.034	0.015	20.36	0.47	430.23 faint
sn2010hh	4.97016	uvw1	0.060	0	0.020	0.049	20.50	0	162.15 faint
sn2010hh	4.97016	uvm2	0.016	0	0.0079	0.0124	21.36	0	373.59 faint
sn2010hh	4.97016	uvw1	0.079	0.048	0.065	0.039	20.20	0.66	137.57 faint
sn2010Y		8.57796	uvm2	0.047	0	0.000	0.042	20.18	0	361.11 NN
sn2010Y		8.57796	uvm2	0.018	0	0.000	0.017	21.21	0	2347.26 NN
sn2010Y		8.57796	uvm2	0.000	0	0.000	0	0	0	345.25 NN
sn2010Y		8.57796	uvw1	0.000	0	0.000	0	0	0	353.84 NN
sn2010Y		8.57796	uvm2	0.000	0	0.000	0	0	0	239.93 NN
sn2010Y		8.57796	uvw1	0.000	0	0.000	0	0	0	295.79 NN
sn2010Y		8.57796	uvm2	0.000	0	0.000	0	0	0	420.04 NN
sn2010Y		8.57796	uvw1	0.000	0	0.000	0	0	0	446.07 NN
sn2010Y		8.57796	uvm2	0.000	0	0.000	0	0	0	216.29 NN
sn2010Y		8.57796	uvw1	0.000	0	0.000	0	0	0	211.31 NN
sn2010Y		8.57796	uvm2	0.0030	0	0.000	0.003	23.14	0	458.21 NN
sn2010Y		8.57796	uvw1	0.0028	0	0.000	0.003	23.83	0	507.21 NN
sn2010Y		8.57796	uvm2	0.000	0	0.000	0	0	0	367.09 NN
sn2010Y		8.57796	uvw1	0.000	0	0.000	0	0	0	387.75 NN
sn2011ao	8.73615	uvm2	1.868	0.093	1.561	0.077	16.17	0.05	298.84 broad
sn2011ao	8.73615	uvw1	2.713	0.206	2.274	0.172	16.36	0.08	105.09 broad
sn2011ao	8.73615	uvm2	1.791	0.063	1.471	0.052	16.22	0.04	627.09 broad
sn2011ao	8.73615	uvw1	3.185	0.145	2.614	0.119	16.18	0.05	308.57 broad
sn2011ao	8.73615	uvm2	1.780	0.044	1.450	0.035	16.22	0.03	1354.43 broad
sn2011ao	8.73615	uvw1	2.909	0.099	2.366	0.081	16.28	0.04	568.17 broad
sn2011by	33.0609	uvm2	0.000	0	0.000	0	0	0	8290.03 nuvb
sn2011by	33.0609	uvw1	0.000	0	0.000	0	0	0	5522.44 nuvb
sn2011by	33.0609	uvm2	6.690	0.144	6.075	0.130	14.79	0.02	530.57 nuvb
sn2011by	33.0609	uvw1	15.647	0.346	14.367	0.318	14.45	0.02	192.67 nuvb
sn2011by	33.0609	uvm2	6.860	0.134	6.227	0.121	14.76	0.02	581.45 nuvb
sn2011by	33.0609	uvw1	15.564	0.382	14.269	0.350	14.46	0.03	210.40 nuvb
sn2011by	33.0609	uvm2	6.450	0.120	5.855	0.108	14.83	0.02	702.23 nuvb
sn2011by	33.0609	uvw1	14.879	0.350	13.636	0.320	14.51	0.03	248.52 nuvb
sn2011by	33.0609	uvm2	0.000	0	0.000	0	0	0	2026.23 nuvb
sn2011by	33.0609	uvm2	0.000	0	0.000	0	0	0	1835.75 nuvb
sn2011eh	13.6807	uvm2	0.096	0.054	0.077	0.043	19.40	0.61	389.56 faint
sn2011eh	13.6807	uvw1	0.149	0	-0.070	0.115	19.50	0	143.46 faint
sn2011eh	13.6807	uvm2	0.084	0.065	0.067	0.052	19.54	0.85	210.07 faint
sn2011eh	13.6807	uvw1	0.666	0.210	0.533	0.168	17.88	0.34	70.62 faint
sn2011eh	13.6807	uvm2	0.049	0.042	0.039	0.034	20.13	0.95	576.11 faint
sn2011eh	13.6807	uvw1	0.318	0.152	0.254	0.122	18.68	0.52	203.20 faint
sn2011ek	18.5645	uvm2	0.0016	0	0.000	0.002	23.82	0	619.84 faint
sn2011ek	18.5645	uvw1	0.0012	0	0.000	0.001	24.77	0	859.74 faint
sn2011ek	18.5645	uvm2	0.305	0	0.000	0.302	18.14	0	3.31 faint
sn2011ek	18.5645	uvw1	0.0023	0	0.000	0.002	24.02	0	428.89 faint
sn2011ek	18.5645	uvm2	0.0010	0	0.000	0.001	24.33	0	1171.00 faint
sn2011ek	18.5645	uvw1	0.0015	0	0.000	0.001	24.51	0	792.60 faint
sn2011ek	18.5645	uvm2	0.00057	0	0.000	0.000	24.96	0	2084.80 faint
sn2011ek	18.5645	uvw1	0.0015	0	0.000	0.001	24.50	0	788.64 faint
sn2011fs	4.52883	uvm2	0.010	0	0.0085	0.0089	21.85	0	1623.67 nuvr
sn2011fs	4.52883	uvw1	0.056	0.033	0.050	0.029	20.56	0.63	610.77 nuvr
sn2011fs	4.52883	uvm2	0.027	0.017	0.024	0.015	20.77	0.70	503.85 nuvr
sn2011fs	4.52883	uvw1	0.073	0.053	0.066	0.047	20.27	0.78	185.55 nuvr
sn2011fs	4.52883	uvm2	0.018	0.011	0.016	0.010	21.20	0.68	1018.21 nuvr
sn2011fs	4.52883	uvw1	0.030	0.030	0.027	0.027	21.23	1.08	423.26 nuvr
sn2011hb	3.30724	uvm2	0.069	0.015	0.061	0.014	19.76	0.24	624.94 nuvr
sn2011hb	3.30724	uvw1	0.109	0.054	0.097	0.048	19.85	0.54	206.22 nuvr
sn2011hb	3.30724	uvm2	0.064	0.031	0.049	0.024	19.84	0.53	196.11 nuvr
sn2011hb	3.30724	uvw1	0.148	0.077	0.113	0.059	19.52	0.56	124.76 nuvr
sn2011hb	3.30724	uvm2	0.079	0.021	0.057	0.015	19.60	0.29	447.37 nuvr
sn2011hb	3.30724	uvw1	0.226	0.060	0.161	0.042	19.06	0.29	175.71 nuvr
sn2011hb	3.30724	uvm2	0.097	0.015	0.070	0.011	19.38	0.16	1054.68 nuvr
sn2011hb	3.30724	uvw1	0.217	0.044	0.154	0.031	19.10	0.22	403.66 nuvr
sn2011hb	3.30724	uvm2	0.093	0.024	0.067	0.018	19.43	0.28	408.40 nuvr
sn2011hb	3.30724	uvw1	0.154	0.078	0.109	0.055	19.47	0.55	154.29 nuvr
sn2011hb	3.30724	uvm2	0.096	0.029	0.070	0.021	19.39	0.33	191.92 nuvr
sn2011hb	3.30724	uvw1	0.129	0.097	0.092	0.069	19.66	0.82	76.53 nuvr
sn2011hb	3.30724	uvm2	0.048	0.027	0.035	0.020	20.15	0.62	309.88 nuvr
sn2011hb	3.30724	uvw1	0.071	0.063	0.051	0.045	20.31	0.96	124.76 nuvr
sn2011hb	3.30724	uvm2	0.092	0.010	0.000	0	19.44	0.12	1024.18 nuvr
sn2011hb	3.30724	uvm2	0.087	0.011	0.074	0.009	19.50	0.14	1238.58 nuvr
sn2011hb	3.30724	uvw1	0.066	0.047	0.056	0.040	20.38	0.77	139.53 nuvr
sn2011hb	3.30724	uvm2	0.074	0.009	0.062	0.008	19.68	0.14	1454.46 nuvr
sn2011hb	3.30724	uvw1	0.098	0.043	0.083	0.036	19.96	0.47	195.62 nuvr
sn2011im	5.79943	uvm2	0.081	0.013	0.080	0.013	19.58	0.18	1039.95 nuvr
sn2011im	5.79943	uvw1	0.213	0.026	0.212	0.026	19.12	0.13	1040.65 nuvr
sn2011im	5.79943	uvw1	1.702	0.079	0.000	0	16.86	0.05	392.47 nuvr
sn2011im	5.79943	uvw1	0.644	0.064	0.442	0.044	17.92	0.11	558.60 nuvr
sn2011iv	14.3069	uvm2	5.008	0.047	4.901	0.046	15.10	0.01	2465.06 NN
sn2011iv	14.3069	uvw1	23.979	0.253	23.361	0.243	13.99	0.01	314.51 NN
sn2011iv	14.3069	uvm2	5.247	0.077	5.126	0.075	15.05	0.02	938.49 NN
sn2011iv	14.3069	uvw1	24.112	0.175	23.414	0.167	13.98	0.01	675.49 NN
sn2011iv	14.3069	uvm2	5.066	0.066	4.950	0.065	15.09	0.01	1257.86 NN
sn2011iv	14.3069	uvw1	24.278	0.147	23.585	0.140	13.98	0.01	953.10 NN
sn2011iv	14.3069	uvm2	5.132	0.063	4.994	0.061	15.07	0.01	1412.44 NN
sn2011iv	14.3069	uvw1	24.118	0.137	23.362	0.131	13.98	0.01	1101.18 NN
sn2011iv	14.3069	uvw1	0.000	0	0.000	0	0	0	487.96 NN
sn2011iv	14.3069	uvw1	0.000	0	0.000	0	0	0	402.33 NN
sn2011iv	14.3069	uvw1	0.000	0	0.000	0	0	0	712.12 NN
sn2011iv	14.3069	uvw1	0.000	0	0.000	0	0	0	420.78 NN
sn2012cg	63.3862	uvm2	26.749	0.089	0.000	0	13.28	0.00	2856.04 broad
sn2012cg	63.3862	uvm2	0.00056	0	0.000	0.000	24.98	0	2239.57 broad
sn2012cg	63.3862	uvw1	0.0014	0	0.000	0.001	24.54	0	865.74 broad
sn2012cg	63.3862	uvm2	0.00052	0	0.000	0.000	25.06	0	2405.51 broad
sn2012cg	63.3862	uvw1	0.0020	0	0.000	0.002	24.19	0	628.98 broad
sn2012cg	63.3862	uvm2	32.734	0.212	0.000	0	13.06	0.01	710.27 broad
sn2012cg	63.3862	uvw1	142.164	0.881	0.000	0	12.06	0.01	249.51 broad
sn2012fr	17.1979	uvm2	0.000	0	0.000	0	0	0	1933.86 broad
sn2012fr	17.1979	uvm2	0.000	0	0.000	0	0	0	1921.45 broad
sn2012fr	17.1979	uvm2	0.000	0	0.000	0	0	0	1791.19 broad
sn2012fr	17.1979	uvm2	0.000	0	0.000	0	0	0	2472.52 broad
sn2012fr	17.1979	uvm2	0.000	0	0.000	0	0	0	1545.45 broad
sn2012fr	17.1979	uvm2	0.000	0	0.000	0	0	0	1940.46 broad
sn2012fr	17.1979	uvm2	0.000	0	0.000	0	0	0	1980.74 broad
sn2012fr	17.1979	uvm2	0.000	0	0.000	0	0	0	1728.75 broad
sn2012fr	17.1979	uvm2	0.000	0	0.000	0	0	0	954.04 broad
sn2012fr	17.1979	uvm2	0.000	0	0.000	0	0	0	814.76 broad
sn2012fr	17.1979	uvm2	0.000	0	0.000	0	0	0	1448.67 broad
sn2012fr	17.1979	uvm2	0.000	0	0.000	0	0	0	1317.58 broad
sn2012fr	17.1979	uvm2	0.000	0	0.000	0	0	0	1072.25 broad
sn2012fr	17.1979	uvm2	0.000	0	0.000	0	0	0	2094.04 broad
sn2012fr	17.1979	uvm2	0.000	0	0.000	0	0	0	2336.89 broad
sn2012fr	17.1979	uvm2	0.000	0	0.000	0	0	0	1971.49 broad
sn2012fr	17.1979	uvm2	0.000	0	0.000	0	0	0	1813.52 broad
sn2012fr	17.1979	uvm2	0.000	0	0.000	0	0	0	712.13 broad
sn2012fr	17.1979	uvm2	0.000	0	0.000	0	0	0	873.57 broad
sn2012fr	17.1979	uvm2	0.000	0	0.000	0	0	0	2642.18 broad
sn2012fr	17.1979	uvw1	0.000	0	0.000	0	0	0	4088.06 broad
sn2012fr	17.1979	uvm2	0.000	0	0.000	0	0	0	3124.59 broad
sn2012fr	17.1979	uvw1	0.000	0	0.000	0	0	0	253.71 broad
sn2012fr	17.1979	uvw1	0.000	0	0.000	0	0	0	491.89 broad
sn2012fr	17.1979	uvw1	0.000	0	0.000	0	0	0	544.04 broad
sn2012hj	3.86507	uvm2	0.033	0.026	0.028	0.021	20.56	0.84	144.72 nuvr
sn2012hj	3.86507	uvw1	0.109	0	-0.016	0.081	19.85	0	56.85 nuvr
sn2012hr	11.6458	uvm2	0.091	0.025	0.089	0.025	19.45	0.30	1022.46 nuvr
sn2012hr	11.6458	uvw1	0.202	0.054	0.199	0.053	19.18	0.29	1294.68 nuvr
sn2012hr	11.6458	uvm2	0.130	0.024	0.127	0.024	19.07	0.20	1343.23 nuvr
sn2012hr	11.6458	uvw1	0.221	0.083	0.217	0.081	19.08	0.41	1002.76 nuvr
sn2012hr	11.6458	uvm2	0.122	0.025	0.117	0.024	19.13	0.22	1040.76 nuvr
sn2012hr	11.6458	uvw1	0.372	0.070	0.359	0.068	18.51	0.20	416.85 nuvr
sn2012hr	11.6458	uvm2	0.171	0.029	0.163	0.028	18.77	0.18	796.40 nuvr
sn2012hr	11.6458	uvw1	0.351	0.079	0.339	0.076	18.58	0.24	324.32 nuvr
sn2012hr	11.6458	uvm2	0.150	0.022	0.144	0.021	18.91	0.16	1399.09 nuvr
sn2012hr	11.6458	uvw1	0.196	0.056	0.189	0.054	19.21	0.31	551.42 nuvr
sn2012hr	11.6458	uvm2	0.155	0.024	0.147	0.023	18.88	0.17	1168.79 nuvr
sn2012hr	11.6458	uvw1	0.210	0.061	0.203	0.059	19.13	0.32	464.10 nuvr
sn2012hr	11.6458	uvm2	0.159	0.024	0.152	0.023	18.84	0.16	1256.10 nuvr
sn2012hr	11.6458	uvw1	0.186	0.051	0.179	0.049	19.26	0.30	665.39 nuvr
sn2012ht	26.0347	uvm2	6.028	0.093	5.352	0.083	14.90	0.02	810.22 nuvb
sn2012ht	26.0347	uvw1	13.834	0.221	12.376	0.197	14.59	0.02	325.32 nuvb
sn2012ht	26.0347	uvm2	5.098	0.098	4.524	0.087	15.08	0.02	831.87 nuvb
sn2012ht	26.0347	uvw1	10.095	0.239	9.029	0.213	14.93	0.03	336.14 nuvb
sn2012ht	26.0347	uvm2	6.385	0.096	5.665	0.086	14.84	0.02	726.99 nuvb
sn2012ht	26.0347	uvw1	13.688	0.209	12.245	0.186	14.60	0.02	305.63 nuvb
sn2012ht	26.0347	uvm2	5.020	0.138	4.450	0.122	15.10	0.03	405.72 nuvb
sn2012ht	26.0347	uvw1	9.503	0.245	8.495	0.219	15.00	0.03	314.48 nuvb
sn2012ht	26.0347	uvm2	4.857	0.107	4.304	0.094	15.13	0.02	663.95 nuvb
sn2012ht	26.0347	uvw1	9.990	0.265	8.914	0.236	14.94	0.03	286.91 nuvb
sn2012ht	26.0347	uvm2	5.396	0.142	4.488	0.118	15.02	0.03	460.10 nuvb
sn2012ht	26.0347	uvw1	9.786	0.372	8.163	0.310	14.96	0.04	181.84 nuvb
sn2012ht	26.0347	uvm2	7.320	0.075	6.031	0.062	14.69	0.01	1474.42 nuvb
sn2012ht	26.0347	uvw1	23.779	0.197	19.605	0.162	14.00	0.01	588.85 nuvb
sn2012V		8.50102	uvm2	0.096	0.022	0.085	0.019	19.39	0.25	1233.19 nuvr
sn2012V		8.50102	uvw1	0.213	0.053	0.190	0.047	19.12	0.27	486.25 nuvr
sn2012V		8.50102	uvm2	0.061	0	0.039	0.053	19.88	0	125.59 nuvr
sn2012V		8.50102	uvw1	0.407	0.061	0.363	0.054	18.42	0.16	348.93 nuvr
sn2012V		8.50102	uvm2	0.049	0.030	0.043	0.026	20.12	0.66	577.56 nuvr
sn2012V		8.50102	uvw1	0.308	0.055	0.274	0.049	18.72	0.19	467.55 nuvr
sn2013aa	23.1828	uvm2	2.182	0.051	1.677	0.039	16.00	0.03	1477.00 nuvb
sn2013aa	23.1828	uvw1	2.922	0.184	2.230	0.141	16.28	0.07	314.50 nuvb
sn2013aa	23.1828	uvm2	0.070	0	-0.092	0.052	19.74	0	1480.50 nuvb
sn2013aa	23.1828	uvw1	0.220	0	-0.028	0.164	19.08	0	314.48 nuvb
sn2013aa	23.1828	uvw1	1.845	0.094	1.407	0.072	16.77	0.06	1423.33 nuvb
sn2013aa	23.1828	uvm2	0.043	0	-0.063	0.041	20.28	0	3059.80 nuvb
sn2013aa	23.1828	uvm2	0.409	0.043	0.385	0.041	17.82	0.11	2613.01 nuvb
sn2013aa	23.1828	uvm2	0.000	0	0.000	0	0	0	5156.20 nuvb
sn2013aa	23.1828	uvm2	0.000	0	0.000	0	0	0	3089.07 nuvb
sn2013aa	23.1828	uvm2	2.177	0.082	0.000	0	16.01	0.04	372.57 nuvb
sn2013aa	23.1828	uvw1	5.350	0.148	0.000	0	15.62	0.03	269.45 nuvb
sn2013aa	23.1828	uvm2	0.141	0	-0.061	0.110	18.98	0	327.84 nuvb
sn2013aa	23.1828	uvw1	0.326	0	0.214	0.258	18.66	0	121.81 nuvb
sn2013aa	23.1828	uvm2	2.252	0.133	1.584	0.094	15.97	0.06	375.96 nuvb
sn2013aa	23.1828	uvw1	7.095	0.390	4.888	0.269	15.31	0.06	117.87 nuvb
sn2013aa	23.1828	uvm2	0.599	0.089	0.422	0.063	17.41	0.16	938.12 nuvb
sn2013aa	23.1828	uvw1	2.603	0.236	1.792	0.163	16.40	0.10	353.64 nuvb
sn2013aa	23.1828	uvm2	1.936	0.151	1.361	0.106	16.13	0.08	266.10 nuvb
sn2013aa	23.1828	uvw1	5.863	0.378	4.037	0.260	15.52	0.07	117.88 nuvb
sn2013aa	23.1828	uvm2	0.105	0	-0.106	0.072	19.29	0	811.78 nuvb
sn2013aa	23.1828	uvw1	0.317	0	-0.006	0.213	18.69	0	235.75 nuvb
sn2013ag	4.44799	uvm2	0.022	0.010	0.019	0.008	20.99	0.48	1438.09 nuvr
sn2013ag	4.44799	uvw1	0.082	0.028	0.070	0.024	20.15	0.37	542.35 nuvr
sn2013ag	4.44799	uvm2	0.034	0.022	0.028	0.018	20.52	0.70	224.31 nuvr
sn2013ag	4.44799	uvw1	0.104	0.070	0.087	0.059	19.90	0.73	78.49 nuvr
sn2013ag	4.44799	uvm2	0.051	0.018	0.042	0.015	20.08	0.38	382.15 nuvr
sn2013ag	4.44799	uvw1	0.071	0.057	0.060	0.047	20.31	0.86	154.06 nuvr
sn2013ag	4.44799	uvm2	0.024	0	-0.007	0.017	20.88	0	230.78 nuvr
sn2013ag	4.44799	uvw1	0.092	0.065	0.077	0.054	20.03	0.76	88.34 nuvr
sn2013bs	3.4561	uvm2	0.034	0	-0.004	0.019	20.53	0	115.59 nuvr
sn2013bs	3.4561	uvw1	0.065	0	-0.015	0.039	20.41	0	77.52 nuvr
sn2013bs	3.4561	uvm2	0.043	0	-0.012	0.027	20.26	0	139.34 nuvr
sn2013bs	3.4561	uvw1	0.068	0	0.038	0.049	20.35	0	91.30 nuvr
sn2013bs	3.4561	uvm2	0.015	0	-0.003	0.010	21.43	0	524.76 nuvr
sn2013bs	3.4561	uvw1	0.036	0	-0.000	0.025	21.05	0	438.28 nuvr
sn2013dy	23.8292	uvm2	14.544	0.188	12.528	0.162	13.94	0.01	538.16 broad
sn2013dy	23.8292	uvw1	28.370	0.416	24.523	0.359	13.81	0.02	207.16 broad
sn2013dy	23.8292	uvm2	14.457	0.147	12.407	0.126	13.95	0.01	892.32 broad
sn2013dy	23.8292	uvw1	27.448	0.330	23.659	0.284	13.84	0.01	323.10 broad
sn2013dy	23.8292	uvw1	0.000	0	0.000	0	0	0	653.04 broad
sn2013dy	23.8292	uvw1	0.0015	0	0.000	0.004	24.49	0	965.60 broad
sn2013dy	23.8292	uvw1	0.000	0	0.000	0	0	0	444.65 broad
sn2013E		9.91489	uvm2	0.151	0.062	0.127	0.052	18.90	0.45	295.30 nuvr
sn2013E		9.91489	uvw1	0.500	0.167	0.421	0.141	18.19	0.36	109.03 nuvr
sn2013E		9.91489	uvm2	0.250	0.050	0.208	0.041	18.36	0.22	346.50 nuvr
sn2013E		9.91489	uvw1	0.812	0.143	0.677	0.119	17.67	0.19	126.73 nuvr
sn2013E		9.91489	uvm2	0.194	0.051	0.159	0.042	18.63	0.29	424.24 nuvr
sn2013E		9.91489	uvw1	1.087	0.169	0.892	0.138	17.35	0.17	142.23 nuvr
sn2013E		9.91489	uvm2	0.154	0.032	0.126	0.026	18.88	0.23	1084.78 nuvr
sn2013E		9.91489	uvw1	0.766	0.098	0.629	0.080	17.73	0.14	401.09 nuvr
sn2013E		9.91489	uvm2	0.123	0.062	0.104	0.052	19.12	0.54	277.63 nuvr
sn2013E		9.91489	uvw1	0.506	0.151	0.427	0.128	18.18	0.32	102.12 nuvr
sn2013E		9.91489	uvm2	0.078	0.062	0.066	0.052	19.62	0.86	226.50 nuvr
sn2013E		9.91489	uvw1	0.420	0.153	0.354	0.129	18.38	0.40	97.20 nuvr
sn2013E		9.91489	uvm2	0.196	0.073	0.165	0.061	18.62	0.40	220.24 nuvr
sn2013E		9.91489	uvw1	0.641	0.197	0.540	0.166	17.92	0.33	76.54 nuvr
sn2013E		9.91489	uvm2	0.304	0.054	0.255	0.045	18.14	0.19	328.74 nuvr
sn2013E		9.91489	uvw1	0.505	0.138	0.424	0.116	18.18	0.30	122.80 nuvr
sn2013eh	2.82	uvm2	0.121	0.025	0.087	0.018	19.14	0.22	317.59 nuvb
sn2013eh	2.82	uvw1	0.129	0.059	0.092	0.042	19.66	0.50	106.05 nuvb
sn2013eh	2.82	uvm2	0.106	0.022	0.089	0.018	19.29	0.22	453.89 nuvb
sn2013eh	2.82	uvw1	0.208	0.045	0.175	0.038	19.15	0.23	173.97 nuvb
sn2013eh	2.82	uvm2	0.105	0.017	0.088	0.014	19.30	0.17	601.29 nuvb
sn2013eh	2.82	uvw1	0.136	0.033	0.115	0.028	19.60	0.26	216.29 nuvb
sn2013eh	2.82	uvm2	0.116	0.032	0.098	0.027	19.19	0.30	210.63 nuvb
sn2013eh	2.82	uvw1	0.235	0.076	0.198	0.064	19.01	0.35	76.54 nuvb
sn2013eh	2.82	uvm2	0.105	0.022	0.088	0.018	19.30	0.22	375.10 nuvb
sn2013eh	2.82	uvw1	0.189	0.050	0.159	0.042	19.25	0.29	194.01 nuvb
sn2013eh	2.82	uvm2	0.092	0.024	0.077	0.020	19.44	0.29	318.51 nuvb
sn2013eh	2.82	uvw1	0.175	0.055	0.148	0.047	19.33	0.34	116.87 nuvb
sn2013ex	8.95	uvm2	0.466	0.025	0.436	0.024	17.68	0.06	1829.59 nuvr
sn2013ex	8.95	uvw1	0.864	0.072	0.818	0.068	17.60	0.09	471.73 nuvr
sn2013ex	8.95	uvm2	0.432	0.025	0.405	0.024	17.76	0.06	1764.25 nuvr
sn2013ex	8.95	uvw1	1.005	0.060	0.951	0.056	17.43	0.06	691.19 nuvr
sn2013ex	8.95	uvm2	0.485	0.025	0.454	0.024	17.64	0.06	1750.32 nuvr
sn2013ex	8.95	uvw1	1.089	0.060	1.030	0.056	17.35	0.06	681.36 nuvr
sn2013ex	8.95	uvm2	0.505	0.023	0.472	0.022	17.59	0.05	1965.41 nuvr
sn2013ex	8.95	uvw1	1.299	0.055	1.228	0.052	17.16	0.05	797.23 nuvr
sn2013fn	3.53498	uvm2	0.013	0.009	0.011	0.007	21.56	0.72	1067.88 nuvr
sn2013fn	3.53498	uvw1	0.029	0	-0.015	0.022	21.30	0	609.23 nuvr
sn2013fn	3.53498	uvm2	0.018	0	0.0065	0.0144	21.22	0	438.19 nuvr
sn2013fn	3.53498	uvw1	0.059	0	0.025	0.049	20.51	0	164.89 nuvr
sn2013fn	3.53498	uvm2	0.021	0	-0.026	0.015	21.02	0	429.74 nuvr
sn2013fn	3.53498	uvw1	0.089	0.070	0.075	0.059	20.07	0.86	161.95 nuvr
sn2013fw	5.55667	uvm2	0.499	0.024	0.419	0.021	17.60	0.05	1595.25 nuvr
sn2013fw	5.55667	uvw1	1.037	0.058	0.870	0.049	17.40	0.06	799.08 nuvr
sn2013fw	5.55667	uvm2	0.498	0.031	0.418	0.026	17.61	0.07	983.96 nuvr
sn2013fw	5.55667	uvw1	1.163	0.079	0.976	0.066	17.28	0.07	384.97 nuvr
sn2013fw	5.55667	uvm2	0.537	0.044	0.450	0.037	17.53	0.09	509.54 nuvr
sn2013fw	5.55667	uvw1	1.182	0.113	0.990	0.094	17.26	0.10	219.76 nuvr
sn2013gh	10.5976	uvm2	0.291	0.052	0.248	0.044	18.19	0.19	348.28 nuvr
sn2013gh	10.5976	uvw1	1.848	0.178	1.579	0.152	16.77	0.10	114.92 nuvr
sn2013gh	10.5976	uvm2	0.283	0.044	0.241	0.037	18.22	0.17	414.46 nuvr
sn2013gh	10.5976	uvw1	1.640	0.159	1.398	0.136	16.90	0.11	141.47 nuvr
sn2013gh	10.5976	uvm2	0.298	0.063	0.238	0.050	18.17	0.23	307.68 nuvr
sn2013gh	10.5976	uvw1	2.048	0.238	1.627	0.189	16.66	0.13	113.93 nuvr
sn2013gh	10.5976	uvm2	0.441	0.070	0.337	0.054	17.74	0.17	284.60 nuvr
sn2013gh	10.5976	uvw1	2.426	0.268	1.830	0.202	16.48	0.12	111.96 nuvr
sn2013gh	10.5976	uvm2	0.346	0.067	0.260	0.051	18.00	0.21	220.04 nuvr
sn2013gh	10.5976	uvw1	1.896	0.265	1.413	0.197	16.75	0.15	66.68 nuvr
sn2013gh	10.5976	uvm2	0.309	0.044	0.225	0.032	18.12	0.15	688.26 nuvr
sn2013gh	10.5976	uvw1	2.332	0.165	1.666	0.117	16.52	0.08	293.81 nuvr
sn2013gh	10.5976	uvm2	0.288	0.070	0.210	0.051	18.20	0.26	298.83 nuvr
sn2013gh	10.5976	uvw1	2.334	0.243	1.666	0.174	16.52	0.11	110.98 nuvr
sn2013gh	10.5976	uvm2	0.343	0.065	0.288	0.054	18.01	0.20	373.08 nuvr
sn2013gh	10.5976	uvw1	1.800	0.257	1.502	0.215	16.80	0.16	145.44 nuvr
sn2013gh	10.5976	uvm2	0.305	0.057	0.256	0.048	18.14	0.20	417.49 nuvr
sn2013gh	10.5976	uvw1	1.176	0.245	0.983	0.205	17.26	0.23	163.16 nuvr
sn2013gs	5.57729	uvm2	0.230	0.030	0.193	0.025	18.45	0.14	378.30 nuvr
sn2013gs	5.57729	uvw1	0.655	0.087	0.552	0.073	17.90	0.14	135.59 nuvr
sn2013gs	5.57729	uvm2	0.225	0.034	0.189	0.029	18.47	0.17	329.99 nuvr
sn2013gs	5.57729	uvw1	0.610	0.092	0.514	0.078	17.98	0.16	116.89 nuvr
sn2013gs	5.57729	uvm2	0.328	0.042	0.273	0.035	18.06	0.14	296.96 nuvr
sn2013gs	5.57729	uvw1	0.365	0.111	0.304	0.092	18.53	0.33	100.16 nuvr
sn2013gs	5.57729	uvm2	0.265	0.028	0.221	0.023	18.29	0.12	628.93 nuvr
sn2013gs	5.57729	uvw1	0.463	0.071	0.386	0.059	18.28	0.17	229.83 nuvr
sn2013gs	5.57729	uvw1	0.446	0.080	0.371	0.067	18.32	0.20	167.08 nuvr
sn2013gs	5.57729	uvm2	0.240	0.028	0.200	0.024	18.40	0.13	571.14 nuvr
sn2013gs	5.57729	uvw1	0.410	0.099	0.341	0.082	18.41	0.26	171.77 nuvr
sn2013gs	5.57729	uvm2	0.249	0.044	0.207	0.037	18.36	0.19	238.62 nuvr
sn2013gs	5.57729	uvw1	0.256	0.118	0.213	0.099	18.92	0.50	85.40 nuvr
sn2013gy	6.62498	uvm2	0.090	0.042	0.076	0.036	19.46	0.51	196.35 nuvr
sn2013gy	6.62498	uvw1	0.173	0.115	0.147	0.098	19.34	0.72	71.61 nuvr
sn2013gy	6.62498	uvm2	0.065	0.016	0.055	0.013	19.82	0.27	1067.76 nuvr
sn2013gy	6.62498	uvw1	0.074	0.047	0.062	0.040	20.27	0.70	429.41 nuvr
sn2013gy	6.62498	uvm2	0.050	0	0.0042	0.0393	20.11	0	185.67 nuvr
sn2013gy	6.62498	uvw1	0.145	0	-0.008	0.113	19.54	0	61.78 nuvr
sn2013gy	6.62498	uvm2	0.038	0.024	0.032	0.020	20.41	0.70	289.60 nuvr
sn2013gy	6.62498	uvw1	0.089	0	0.032	0.072	20.06	0	105.07 nuvr
sn2014ap	4.12589	uvm2	0.052	0.023	0.042	0.018	20.06	0.48	308.15 nuvr
sn2014ap	4.12589	uvw1	0.097	0.054	0.078	0.044	19.97	0.61	128.71 nuvr
sn2014ap	4.12589	uvm2	0.084	0.018	0.066	0.014	19.53	0.24	666.22 nuvr
sn2014ap	4.12589	uvw1	0.247	0.057	0.191	0.044	18.96	0.25	259.61 nuvr
sn2014ap	4.12589	uvm2	0.054	0.021	0.042	0.017	20.02	0.43	469.32 nuvr
sn2014ap	4.12589	uvw1	0.168	0.062	0.131	0.048	19.37	0.40	183.82 nuvr
sn2014ap	4.12589	uvm2	0.071	0.023	0.055	0.018	19.73	0.36	381.34 nuvr
sn2014ap	4.12589	uvw1	0.149	0.053	0.115	0.041	19.51	0.39	291.83 nuvr
sn2014ap	4.12589	uvm2	0.084	0.029	0.066	0.023	19.54	0.38	191.72 nuvr
sn2014ap	4.12589	uvw1	0.131	0.081	0.102	0.063	19.65	0.67	86.37 nuvr
sn2014ap	4.12589	uvm2	0.067	0.012	0.052	0.009	19.79	0.20	1237.75 nuvr
sn2014ap	4.12589	uvw1	0.248	0.042	0.192	0.032	18.95	0.18	466.78 nuvr
sn2014ap	4.12589	uvm2	0.000	0	0.000	0	0	0	911.78 nuvr
sn2014ap	4.12589	uvm2	0.000	0	0.000	0	0	0	770.19 nuvr
sn2014ap	4.12589	uvw1	0.000	0	0.000	0	0	0	1052.80 nuvr
sn2014at	3.19024	uvm2	0.049	0.014	0.040	0.011	20.12	0.30	673.01 nuvb
sn2014at	3.19024	uvw1	0.105	0.045	0.084	0.036	19.89	0.46	251.49 nuvb
sn2014at	3.19024	uvm2	0.081	0.010	0.066	0.008	19.58	0.14	1394.27 nuvb
sn2014at	3.19024	uvw1	0.153	0.032	0.124	0.025	19.47	0.22	540.15 nuvb
sn2014at	3.19024	uvm2	0.070	0.022	0.057	0.018	19.74	0.34	225.83 nuvb
sn2014at	3.19024	uvw1	0.117	0.072	0.094	0.058	19.77	0.67	94.23 nuvb
sn2014bv	16.6054	uvm2	0.129	0.038	0.104	0.031	19.07	0.32	828.11 NN
sn2014bv	16.6054	uvw1	1.239	0.108	0.992	0.087	17.21	0.09	421.56 NN
sn2014I		3.19024	uvm2	0.012	0.009	0.010	0.008	21.69	0.88	748.23 nuvb
sn2014I		3.19024	uvw1	0.026	0	0.0025	0.0202	21.40	0	268.22 nuvb
sn2014I		3.19024	uvm2	0.014	0.007	0.012	0.006	21.46	0.57	1061.48 nuvb
sn2014I		3.19024	uvw1	0.038	0.022	0.032	0.019	20.98	0.62	390.28 nuvb
sn2015bo	5.88043	uvm2	0.031	0	-0.024	0.021	20.62	0	308.40 faint
sn2015bo	5.88043	uvw1	0.076	0	-0.022	0.055	20.24	0	123.79 faint
sn2015bo	5.88043	uvm2	0.020	0	0.0081	0.0150	21.12	0	634.97 faint
sn2015bo	5.88043	uvw1	0.088	0	0.028	0.067	20.08	0	233.77 faint
sn2015bo	5.88043	uvm2	0.037	0	0.029	0.029	20.42	0	313.01 faint
sn2015bo	5.88043	uvw1	0.136	0	0.0032	0.1008	19.61	0	95.24 faint
sn2015bo	5.88043	uvw1	0.0071	0	0.000	0.005	22.80	0	198.58 faint
sn2015bp	22.7859	uvm2	0.232	0.081	0.188	0.066	18.44	0.38	541.66 faint
sn2015bp	22.7859	uvw1	1.173	0.265	0.949	0.214	17.27	0.25	296.53 faint
sn2015bp	22.7859	uvm2	0.151	0.079	0.122	0.064	18.91	0.57	597.70 faint
sn2015bp	22.7859	uvw1	0.778	0.295	0.629	0.238	17.71	0.41	221.96 faint
sn2015bp	22.7859	uvm2	0.108	0	0.028	0.085	19.26	0	266.87 faint
sn2015bp	22.7859	uvw1	1.641	0.323	1.306	0.257	16.90	0.21	98.18 faint
sn2015bp	22.7859	uvm2	0.285	0.097	0.226	0.077	18.21	0.37	271.85 faint
sn2015bp	22.7859	uvw1	0.929	0.287	0.736	0.227	17.52	0.34	105.06 faint
sn2015bp	22.7859	uvw1	0.000	0	0.000	0	0	0	234.03 faint
sn2015bq	3.38901	uvm2	0.023	0	0.013	0.018	20.93	0	196.99 broad
sn2015bq	3.38901	uvw1	0.162	0.084	0.127	0.066	19.42	0.56	72.60 broad
sn2015bq	3.38901	uvm2	0.033	0.011	0.025	0.008	20.57	0.36	810.82 broad
sn2015bq	3.38901	uvw1	0.086	0.036	0.066	0.028	20.11	0.46	299.47 broad
sn2015bq	3.38901	uvm2	0.053	0.019	0.042	0.015	20.03	0.38	400.40 broad
sn2015bq	3.38901	uvw1	0.135	0.056	0.105	0.043	19.61	0.45	139.27 broad
sn2015bq	3.38901	uvm2	0.027	0.013	0.021	0.010	20.78	0.53	751.68 broad
sn2015bq	3.38901	uvw1	0.094	0.039	0.073	0.031	20.01	0.45	277.08 broad
sn2015bq	3.38901	uvm2	0.029	0.011	0.023	0.009	20.69	0.42	1026.73 broad
sn2015bq	3.38901	uvw1	0.073	0.033	0.056	0.026	20.29	0.50	407.53 broad
sn2015bq	3.38901	uvm2	0.027	0	0.010	0.020	20.79	0	230.01 broad
sn2015bq	3.38901	uvw1	0.085	0.073	0.066	0.056	20.11	0.93	103.12 broad
sn2016adi	6.30729	uvm2	0.088	0.041	0.068	0.031	19.49	0.50	262.72 nuvr
sn2016adi	6.30729	uvw1	0.319	0.113	0.244	0.086	18.68	0.38	92.27 nuvr
sn2016adi	6.30729	uvm2	0.082	0.039	0.062	0.029	19.57	0.51	246.10 nuvr
sn2016adi	6.30729	uvw1	0.298	0.095	0.226	0.072	18.76	0.35	107.04 nuvr
sn2016adi	6.30729	uvm2	0.096	0.026	0.073	0.020	19.39	0.29	521.96 nuvr
sn2016adi	6.30729	uvw1	0.290	0.097	0.219	0.074	18.78	0.36	184.93 nuvr
sn2016ajf	4.72743	uvm2	0.030	0.011	0.030	0.011	20.67	0.41	1413.56 faint
sn2016ajf	4.72743	uvw1	0.328	0.030	0.326	0.029	18.65	0.10	815.78 faint
sn2016ajf	4.72743	uvm2	0.058	0.033	0.044	0.025	19.94	0.62	246.16 faint
sn2016ajf	4.72743	uvw1	0.380	0.104	0.289	0.079	18.49	0.30	165.12 faint
sn2016ajf	4.72743	uvm2	0.035	0.032	0.027	0.024	20.49	0.99	266.79 faint
sn2016ajf	4.72743	uvw1	0.460	0.112	0.349	0.085	18.28	0.26	147.40 faint
sn2016ajf	4.72743	uvm2	0.097	0.037	0.074	0.029	19.39	0.42	250.68 faint
sn2016ajf	4.72743	uvw1	0.180	0.103	0.136	0.078	19.30	0.62	156.26 faint
sn2016ajf	4.72743	uvm2	0.029	0	0.0080	0.0215	20.68	0	329.63 faint
sn2016ajf	4.72743	uvw1	0.385	0.100	0.292	0.076	18.48	0.28	168.06 faint
sn2016ajf	4.72743	uvm2	0.031	0	0.013	0.023	20.62	0	255.75 faint
sn2016ajf	4.72743	uvw1	0.495	0.113	0.375	0.086	18.20	0.25	151.34 faint
sn2016ajf	4.72743	uvm2	0.051	0.035	0.039	0.027	20.08	0.75	209.15 faint
sn2016ajf	4.72743	uvw1	0.151	0.119	0.114	0.090	19.49	0.85	118.85 faint
sn2016ajf	4.72743	uvm2	0.017	0.017	0.015	0.015	21.27	1.07	660.25 faint
sn2016ajf	4.72743	uvw1	0.353	0.046	0.317	0.041	18.57	0.14	429.65 faint
sn2016ajf	4.72743	uvm2	0.063	0.035	0.056	0.031	19.85	0.60	232.07 faint
sn2016ajf	4.72743	uvw1	0.313	0.057	0.279	0.051	18.70	0.20	305.63 faint
sn2016ajf	4.72743	uvw1	0.258	0.038	0.241	0.035	18.91	0.16	1006.73 faint
sn2016ajf	4.72743	uvw1	0.256	0.018	0.239	0.017	18.92	0.08	3595.99 faint
sn2016ajf	4.72743	uvw1	0.000	0	0.000	0	0	0	597.15 faint
sn2016ajf	4.72743	uvw1	0.000	0	0.000	0	0	0	195.05 faint
sn2016ajf	4.72743	uvw1	0.000	0	0.000	0	0	0	507.40 faint
sn2016asf	4.50781	uvm2	0.050	0.014	0.000	0	20.10	0.30	332.41 nuvr
sn2016asf	4.50781	uvw1	0.290	0.056	0.000	0	18.79	0.21	118.87 nuvr
sn2016asf	4.50781	uvm2	0.125	0.041	0.000	0	19.11	0.36	96.39 nuvr
sn2016asf	4.50781	uvw1	0.220	0.057	0.000	0	19.09	0.28	87.36 nuvr
sn2016asf	4.50781	uvm2	0.085	0.021	0.000	0	19.53	0.27	252.29 nuvr
sn2016asf	4.50781	uvw1	0.178	0.051	0.000	0	19.31	0.31	87.36 nuvr
sn2016bfu	9.33963	uvm2	0.407	0.028	0.316	0.022	17.82	0.08	1377.25 faint
sn2016bfu	9.33963	uvw1	0.932	0.066	0.719	0.051	17.52	0.08	525.85 faint
sn2016bfu	9.33963	uvw1	0.086	0	-0.371	0.041	20.11	0	225.17 faint
sn2016bfu	9.33963	uvw1	0.052	0	-0.217	0.028	20.64	0	457.43 faint
sn2016blc	7.80219	uvm2	0.060	0	0.000	0.045	19.90	0	362.45 nuvb
sn2016blc	7.80219	uvw1	0.124	0	0.000	0.092	19.70	0	136.59 nuvb
sn2016blc	7.80219	uvm2	0.090	0	0.000	0.066	19.46	0	142.85 nuvb
sn2016blc	7.80219	uvw1	0.169	0	0.000	0.124	19.37	0	87.36 nuvb
sn2016blc	7.80219	uvm2	0.064	0	0.000	0.047	19.84	0	216.75 nuvb
sn2016blc	7.80219	uvw1	0.151	0	0.000	0.110	19.50	0	83.42 nuvb
sn2016blc	7.80219	uvm2	0.043	0	0.000	0.032	20.28	0	557.44 nuvb
sn2016blc	7.80219	uvw1	0.092	0	0.000	0.068	20.03	0	206.21 nuvb
sn2016blc	7.80219	uvm2	0.064	0	0.000	0.047	19.83	0	216.82 nuvb
sn2016blc	7.80219	uvw1	0.178	0	0.000	0.130	19.31	0	79.49 nuvb
sn2016blc	7.80219	uvm2	0.064	0	0.000	0.047	19.84	0	216.96 nuvb
sn2016blc	7.80219	uvw1	0.134	0	0.000	0.099	19.62	0	114.92 nuvb
sn2016ekg	5.54131	uvm2	0.049	0	-0.007	0.033	20.12	0	135.48 nuvb
sn2016ekg	5.54131	uvw1	0.195	0.101	0.148	0.076	19.22	0.56	94.26 nuvb
sn2016ekg	5.54131	uvm2	0.040	0	0.020	0.029	20.34	0	139.71 nuvb
sn2016ekg	5.54131	uvw1	0.104	0	-0.056	0.065	19.90	0	73.59 nuvb
sn2016ekg	5.54131	uvm2	0.094	0.040	0.071	0.030	19.41	0.46	146.94 nuvb
sn2016ekg	5.54131	uvw1	0.136	0.104	0.101	0.078	19.61	0.83	80.58 nuvb
sn2016ekg	5.54131	uvm2	0.052	0.039	0.039	0.029	20.06	0.82	138.59 nuvb
sn2016ekg	5.54131	uvw1	0.113	0.075	0.083	0.056	19.81	0.72	87.37 nuvb
sn2016F		5.88043	uvm2	0.176	0.023	0.136	0.018	18.73	0.14	797.60 nuvr
sn2016F		5.88043	uvw1	0.289	0.072	0.221	0.055	18.79	0.27	283.93 nuvr
sn2016F		5.88043	uvm2	0.192	0.029	0.148	0.022	18.64	0.16	571.33 nuvr
sn2016F		5.88043	uvw1	0.348	0.082	0.266	0.063	18.59	0.26	197.37 nuvr
sn2016F		5.88043	uvm2	0.189	0.041	0.145	0.032	18.66	0.24	336.09 nuvr
sn2016F		5.88043	uvw1	0.146	0.111	0.111	0.085	19.53	0.83	110.98 nuvr
sn2016F		5.88043	uvm2	0.168	0.034	0.129	0.026	18.79	0.22	418.42 nuvr
sn2016F		5.88043	uvw1	0.201	0.098	0.153	0.075	19.18	0.53	189.71 nuvr