name 	aper   filter corrcount correrr rawcount rawerr  mag   magerr   exp
00ca	4.08	uvm2	0.303	0.021	0.001 	10 	18.14	0.08	898.43
00ca	4.08	uvm2	0.211	0.021 	0.161	0.015	18.54	0.11 	939.57
00ca	4.08	uvm2	0.196	0.019	0.151 	0.015	18.62	0.11	926.02
00ca	4.08	uvm2	0.278	0.023	0.212	0.017	18.24	0.09	916.33
00ca	4.08	uvm2	0.271	0.021	0.206	0.016	18.27	0.08	992.68
00ca	4.08	uvm2	0.236	0.018	0.181 	0.013	18.42	0.08	990.68
00ca	4.08	uvm2	0.145	0.014	0.111 	0.011	18.95	0.11	971.93
00ca	4.08	uvm2	0.305	0.021 	0.252	0.016	18.14	0.07	944.92
00ca	4.08	uvm2	0.297	0.021 	0.237	0.016	18.17	0.07	950.85
00ca	4.08	uvm2	0.278	0.019	0.221	0.015	18.24	0.07	953.36
00ca	4.08	uvm2	0.161	0.017	0.128	0.014	18.84	0.12	1009.85
00ca	4.08	uvw1	0.551 	0.045	0.368	0.031 	18.09	0.09	671.99
01ic	2.26	uvm2	0.013	0.011 	0.011	0.009	21.59	0.83	521.18
01ic	2.26	uvw1	0.026	1 	0.018	0.023	21.42	1 	346.99
01ic	2.26	uvm2	0.016	1 	0.011	0.012	21.33	1 	285.98
01ic	2.26	uvw1	0.071	0.034	0.055	0.026	20.32	0.53	190.48
02de	3.5	uvw1	0.531	0.035	0.412	0.027	18.13	0.07	793.19
02hu	2.68	uvm2	0.012	1 	0.0024	0.0019 	21.68	1 	339.34
02hu	2.68	uvw1	0.071 	0.027	0.062	0.024	20.33	0.42	226.15
02hu	2.68	uvm2	0.027	1 	0.011	0.031	20.78	1 	46.02
02hu	2.68	uvw1	0.078	1 	-0.026	0.048	20.21	1 	30.24
02hu	2.68	uvm2	0.014	1 	-0.003	0.011 	21.45	1 	316.69
02hu	2.68	uvw1	0.025	1 	0.019	0.022	21.45	1 	211.34
02hu	2.68	uvm2	0.049	1 	0.0078	0.0341	20.11	1 	42.11
02hu	2.68	uvw1	0.093	0.088	0.082	0.077	20.02	1.03	28.33
02hu	2.68	uvm2	0.026	1 	0.0036	0.0185	20.81 	1 	106.06
02hu	2.68	uvw1	0.043	1 	0.025	0.035	20.85	1 	70.66
02hu	2.68	uvm2	0.018	1 	0.013	0.015	21.19	1 	132.64
02hu	2.68	uvw1	0.064	1 	-0.018	0.044	20.43	1 	88.35
02hu	2.68	uvm2	0.018	1 	0.0078	0.0132	21.22	1 	181.84
02hu	2.68	uvw1	0.051	0.043	0.041	0.035	20.68	0.93	121.83
03D	4.44	uvm2	0.038	0.012	0.035	0.011	20.41 	0.34	941.94
03D	4.44	uvw1	0.166	0.029	0.156	0.028	19.39	0.19	616.79
03D	4.44	uvm2	0.026	0.016	0.024	0.015	20.83	0.68	514.70
03D	4.44	uvm2	0.025	0.012	0.023	0.011	20.85	0.52	1010.04
03ic	1.82	uvm2	0.022	1 	-0.004	0.014	20.98	1 	137.57
03ic	1.82	uvw1	0.051	0.048	0.044	0.041	20.67	1.03	92.30
03ic	1.82	uvm2	0.012	1 	0.0012	0.0079	21.69	1 	335.40
03ic	1.82	uvw1	0.046	0.032	0.036	0.025	20.79	0.75	224.18
03ic	1.82	uvm2	0.011 	1 	-0.001	0.007	21.84	1 	639.48
03ic	1.82	uvw1	0.028	1 	-0.007	0.019	21.32	1 	367.42
03ic	1.82	uvm2	0.023	1 	-0.006	0.014	20.93	1 	268.49
03ic	1.82	uvw1	0.047	1 	-0.004	0.031 	20.76	1 	178.91
03ic	1.82	uvm2	0.021 	0.011 	0.014	0.007	21.11 	0.56	446.39
03ic	1.82	uvw1	0.057	0.031 	0.041 	0.021	20.56	0.57	297.76
03ic	1.82	uvm2	0.018	1 	-0.004	0.011 	21.22	1 	226.15
03ic	1.82	uvw1	0.051 	0.039	0.035	0.027	20.71 	0.85	150.36
03U	3.5	uvm2	0.038	1 	-0.061 	0.029	20.41	1 	323.12
03U	3.5	uvw1	0.062	1 	0.011 	0.053	20.46	1 	213.90
03U	3.5	uvm2	0.023	1 	-0.052	0.018	20.93	1 	750.29
03U	3.5	uvw1	0.038	1 	-0.061	0.031	20.98	1 	500.30
03U	3.5	uvm2	0.041	1 	-0.061 	0.031 	20.31	1 	232.05
03U	3.5	uvw1	0.076	1 	-0.063	0.061	20.24	1 	155.28
05eq	3.38	uvm2	0.041 	0.015	0.035	0.013	20.35	0.41	398.16
05eq	3.38	uvw1	0.103	0.037	0.092	0.033	19.91	0.39	265.30
05eq	3.38	uvm2	0.023	0.011	0.021	0.009	20.94	0.49	831.30
05eq	3.38	uvw1	0.019 	0.025	0.081	0.023	20.05	0.31 	553.79
05eq	3.38	uvm2	0.051 	0.023	0.044	0.021	20.11	0.51	248.79
05eq	3.38	uvw1	0.137	0.046	0.122	0.041	19.61 	0.37	166.11
05hc	2.22	uvm2	0.032	0.011 	0.025	0.008	20.58	0.35	691.89
05hc	2.22	uvw1	0.096	0.031 	0.072	0.023	19.99	0.34	405.82
05hc	2.22	uvm2	0.014	1 	0.0032	0.0092	21.47	1 	240.00
05hc	2.22	uvw1	0.051 	1 	-0.003	0.034	20.69	1 	160.21
05hc	2.22	uvm2	0.018	1 	-0.002	0.009	21.23	1 	163.16
05hc	2.22	uvw1	0.054	0.041	0.041 	0.031 	20.61 	0.82	109.02
05hc	2.22	uvm2	0.032	0.013	0.024	0.011 	20.61 	0.46	367.65
05hc	2.22	uvw1	0.056	0.026	0.041	0.019	20.58	0.52	244.58
05hf	2.3	uvw1	0.061 	0.031	0.061 	0.031	20.49	0.56	220.65
05hf	2.3	uvw1	0.062	0.014	0.061	0.014	20.46	0.25	1148.65
05hf	2.3	uvm2	0.031 	0.012	0.027	0.011	20.65	0.44	418.82
05hf	2.3	uvw1	0.091	0.026	0.083	0.024	20.04	0.31	278.10
05hf	2.3	uvw1	0.057	0.014	0.039	0.009	20.54	0.26	1609.03
05hj	1.76	uvm2	0.0019 	0.0041 	0.0081 	0.0035	21.96	0.48	1445.20
05hj	1.76	uvw1	0.039	0.013	0.035	0.012	20.96	0.37	965.94
05hj	1.76	uvw1	0.021 	1 	0.011 	0.013	21.71	1 	362.96
05hj	1.76	uvw1	0.022	0.018	0.015	0.012	21.56	0.88	392.47
05iq	2.9	uvm2	0.028	0.014	0.025	0.012	20.73	0.53	457.00
05iq	2.9	uvw1	0.081 	0.034	0.072	0.031	20.19	0.47	303.47
05iq	2.9	uvm2	0.033	0.006	0.029	0.006	20.56	0.21	2193.69
05iq	2.9	uvw1	0.025	0.014	0.022	0.013	21.46	0.64	1463.38
05ir	1.38	uvm2	0.066	0.016	0.052	0.013	19.81 	0.27	373.55
05ir	1.38	uvw1	0.082	0.031 	0.065	0.024	20.15	0.41 	249.52
05ir	1.38	uvm2	0.021 	0.021 	0.016	0.015	21.09	1.07	136.58
05ir	1.38	uvw1	0.051 	0.041	0.038	0.031	20.69	0.88	90.32
05ir	1.38	uvm2	0.054	0.012	0.041	0.009	20.03	0.25	672.54
05ir	1.38	uvw1	0.089	0.023	0.068	0.018	20.06	0.28	449.12
05ir	1.38	uvm2	0.057	0.029	0.044	0.022	19.95	0.55	140.50
05ir	1.38	uvw1	0.069	0.045	0.053	0.034	20.34	0.71 	93.27
05ir	1.38	uvm2	0.046	0.016	0.035	0.012	20.21 	0.38	276.11
05ir	1.38	uvw1	0.103	0.039	0.079	0.029	19.19 	0.41	184.59
05mc	3.92	uvw1	0.169	0.057	0.118	0.041 	19.37	0.37	357.04
05mc	3.92	uvw1	0.164	0.045	0.115	0.032	19.41 	0.31 	497.79
06ac	4.26	uvw1	0.721 	0.058	0.493	0.041 	17.81 	0.09	456.47
06ak	2.68	uvm2	0.043	0.011 	0.038	0.009	20.25	0.25	737.86
06ak	2.68	uvm2	0.042	0.006	0.036	0.005	20.31 	0.16	2207.59
06ak	2.68	uvw1	0.112	0.021	0.098	0.019	19.82	0.21	985.54
06ak	2.68	uvw1	0.119	0.014	0.092	0.011	19.76	0.13	1816.68
06bu	1.28	uvm2	0.0031 	1 	0.00094	0.00238	23.14	1 	965.80
06bz	3.5	uvm2	0.015	0.013	0.012	0.011	21.42	0.93	285.35
06bz	3.5	uvw1	0.058	0.026	0.048	0.022	20.52	0.49	471.75
06bz	3.5	uvm2	0.022	0.011 	0.018	0.009	20.98	0.51	857.18
06bz	3.5	uvw1	0.073	0.026	0.061	0.022	20.28	0.38	318.43
06bz	3.5	uvm2	0.022	0.009	0.018	0.007	21.01 	0.43	813.66
06bz	3.5	uvw1	0.042	0.031	0.035	0.026	20.89	0.81	310.54
06bz	3.5	uvm2	0.016	0.008	0.013	0.006	21.35	0.53	795.49
06bz	3.5	uvw1	0.031 	1 	-0.004	0.023	21.24	1 	304.63
06bz	3.5	uvm2	0.0087	1 	0.0071 	0.0071	22.01	1 	531.77
06bz	3.5	uvw1	0.029	1 	0.022	0.024	21.31 	1 	353.84
06bz	3.5	uvm2	0.031 	0.025	0.025	0.021 	20.66	0.19 	206.73
06bz	3.5	uvw1	0.037	1 	0.027	0.031	21.01	1 	229.84
06en	3.08	uvm2	0.228	0.018	0.201	0.016	18.46	0.09	928.94
06en	3.08	uvw1	0.583	0.041 	0.516	0.035	18.03	0.07	531.16
06en	3.08	uvm2	0.195	0.051	0.171	0.044	18.63	0.28	110.97
06en	3.08	uvw1	0.344	0.086	0.304	0.076	18.61 	0.27	73.60
06en	3.08	uvm2	0.231	0.027	0.202	0.024	18.44	0.13	455.01
06en	3.08	uvw1	0.591	0.053	0.521	0.047	18.01	0.11 	302.47
06nz	2.48	uvm2	0.017	0.011	0.015	0.011 	21.29	0.73	354.10
06nz	2.48	uvw1	0.113	0.033	0.101 	0.029	19.81 	0.31	236.00
06nz	2.48	uvm2	0.019	0.011 	0.015	0.008	21.17	0.57	943.48
06nz	2.48	uvw1	0.068	0.028	0.054	0.022	20.37	0.45	629.55
06oa	1.7	uvm2	0.015	0.008	0.013	0.007	21.41 	0.57	650.16
06oa	1.7	uvw1	0.023	0.015	0.021 	0.013	21.52	0.71	433.66
06oa	1.7	uvm2	0.015	0.009	0.013	0.008	21.38	0.65	298.75
06oa	1.7	uvw1	0.018	1 	0.011	0.014	21.82	1 	200.35
06oa	1.7	uvm2	0.019	1 	0.00091	0.01134	21.15	1 	151.35
06oa	1.7	uvw1	0.056	1 	0.035	0.042	20.57	1 	101.15
06ob	1.7	uvm2	0.012	1 	-0.003	0.007	21.69	1 	251.73
06ob	1.7	uvw1	0.024	1 	0.0095	0.0192	21.51 	1 	168.09
06ob	1.7	uvm2	0.015	1 	0.0051 	0.0105	21.39	1 	165.13
06ob	1.7	uvw1	0.028	0.023	0.023	0.019	21.32	0.19 	110.01
06ob	1.7	uvm2	0.0073	1 	0.0055	0.0055	22.21 	1 	534.75
06ob	1.7	uvw1	0.043	0.022	0.033	0.016	20.85	0.54	355.62
06on	1.48	uvm2	0.0069	1 	0.0035	0.0054	22.26	1 	467.05
06on	1.48	uvw1	0.019	1 	0.0023	0.0152	21.73	1 	311.56
06on	1.48	uvm2	0.0066	1 	-0.004	0.005	22.31 	1 	810.32
06on	1.48	uvw1	0.032	0.014	0.028	0.012	21.17	0.47	539.68
06os	2.98	uvm2	0.012	1 	-0.006	0.009	21.66	1 	729.84
06os	2.98	uvw1	0.035	0.025	0.031	0.022	21.07	0.75	485.72
06os	2.98	uvm2	0.014	0.011 	0.013	0.009	21.46	0.77	694.39
06os	2.98	uvw1	0.026	1 	0.017	0.023	21.41 	1 	462.14
07cq	3.78	uvm2	0.116	0.024	0.114	0.024	19.19	0.23	874.95
07cq	3.78	uvw1	0.781 	0.047	0.767	0.046	17.71	0.07	706.14
07cq	3.78	uvm2	0.019	1 	0.0092	0.0188	21.13	1 	916.45
07cq	3.78	uvw1	0.337	0.041	0.333	0.041 	18.62	0.13	656.77
07cq	3.78	uvm2	0.055	0.019	0.054	0.019	19.99	0.37	969.22
07cq	3.78	uvw1	0.239	0.037	0.236	0.037	18.99	0.17	690.23
07cq	3.78	uvm2	0.019	1 	-0.031 	0.017	21.15	1 	927.36
07cq	3.78	uvw1	0.049	0.033	0.049	0.032	20.71	0.72	677.45
07cq	3.78	uvm2	0.021	1 	-0.022	0.019	21.07	1 	852.79
07cq	3.78	uvw1	0.031	1 	-0.041 	0.029	21.21 	1 	825.60
07cq	3.78	uvm2	0.021 	1 	-0.021 	0.018	21.09	1 	906.45
07cq	3.78	uvw1	0.032	1 	-0.022	0.031 	21.19	1 	750.55
07cq	3.78	uvm2	0.021 	1 	-0.048	0.017	21.12	1 	937.06
07cq	3.78	uvw1	0.033	1 	-0.041 	0.031	21.14	1 	650.87
08bf	4.26	uvm2	0.0061	1 	-0.001	0.006	22.38	1 	2327.51
08bf	4.26	uvw1	0.015	0.014	0.015	0.014	22.01 	1.04	2055.34
08bf	4.26	uvm2	0.0051 	1 	-0.003	0.005	22.61 	1 	2230.05
08bf	4.26	uvw1	0.012	1 	-0.019	0.011	22.25	1 	1723.14
92bl	1.76	uvm2	0.0036	1 	0.001 	0.003	22.97	1 	1215.02
92bl	1.76	uvw1	0.0021	1 	0.001 	0.002	24.11	1 	2082.28
92bl	1.76	uvw1	0.0051 	1 	0.001 	0.004	23.19	1 	2425.40
92bl	1.76	uvw1	0.0054	1 	0.001 	0.005	23.12	1 	2502.53
95ac	2.04	uvm2	0.0069	1 	0.001 	0.006	22.25	1 	1422.26
95ac	2.04	uvw1	0.019	1 	0.001 	0.017	21.73	1 	947.91
98eg	3.92	uvm2	0.0088	1 	0.001 	0.008	21.98	1 	1669.61
98eg	3.92	uvw1	0.023	1 	0.001 	0.021 	21.51	1 	1111.55